0
[1,    1] loss: 2936.795
[1,    2] loss: 1899.914
[1,    3] loss: 1196.694
[1,    4] loss: 720.217
[1,    5] loss: 395.810
[1,    6] loss: 125.175
[1,    7] loss: 26.519
[1,    8] loss: 5.219
[1,    9] loss: 42.326
[1,   10] loss: 94.894
[1,   11] loss: 126.887
[1,   12] loss: 178.069
[1,   13] loss: 231.206
[1,   14] loss: 223.339
[1,   15] loss: 206.517
[1,   16] loss: 160.309
[1,   17] loss: 116.827
[1,   18] loss: 79.877
[1,   19] loss: 45.878
[1,   20] loss: 18.568
[1,   21] loss: 4.671
[1,   22] loss: 0.214
1
[2,    1] loss: 4.443
[2,    2] loss: 9.666
[2,    3] loss: 20.872
[2,    4] loss: 31.062
[2,    5] loss: 36.105
[2,    6] loss: 35.895
[2,    7] loss: 32.913
[2,    8] loss: 31.882
[2,    9] loss: 26.066
[2,   10] loss: 18.368
[2,   11] loss: 11.737
[2,   12] loss: 5.948
[2,   13] loss: 2.210
[2,   14] loss: 0.535
[2,   15] loss: 1.025
[2,   16] loss: 2.447
[2,   17] loss: 3.841
[2,   18] loss: 5.071
[2,   19] loss: 6.520
[2,   20] loss: 5.798
[2,   21] loss: 6.135
[2,   22] loss: 5.143
2
[3,    1] loss: 5.168
[3,    2] loss: 3.197
[3,    3] loss: 2.245
[3,    4] loss: 1.265
[3,    5] loss: 0.316
[3,    6] loss: 0.173
[3,    7] loss: 0.358
[3,    8] loss: 0.579
[3,    9] loss: 1.096
[3,   10] loss: 1.304
[3,   11] loss: 1.517
[3,   12] loss: 1.836
[3,   13] loss: 1.063
[3,   14] loss: 1.317
[3,   15] loss: 1.071
[3,   16] loss: 0.698
[3,   17] loss: 0.523
[3,   18] loss: 0.270
[3,   19] loss: 0.107
[3,   20] loss: 0.239
[3,   21] loss: 0.195
[3,   22] loss: 0.338
3
[4,    1] loss: 0.692
[4,    2] loss: 0.535
[4,    3] loss: 0.319
[4,    4] loss: 0.651
[4,    5] loss: 0.426
[4,    6] loss: 0.311
[4,    7] loss: 0.255
[4,    8] loss: 0.214
[4,    9] loss: 0.111
[4,   10] loss: 0.129
[4,   11] loss: 0.151
[4,   12] loss: 0.197
[4,   13] loss: 0.293
[4,   14] loss: 0.226
[4,   15] loss: 0.411
[4,   16] loss: 0.283
[4,   17] loss: 0.226
[4,   18] loss: 0.208
[4,   19] loss: 0.171
[4,   20] loss: 0.174
[4,   21] loss: 0.142
[4,   22] loss: 0.104
4
[5,    1] loss: 0.186
[5,    2] loss: 0.164
[5,    3] loss: 0.151
[5,    4] loss: 0.049
[5,    5] loss: 0.174
[5,    6] loss: 0.256
[5,    7] loss: 0.159
[5,    8] loss: 0.168
[5,    9] loss: 0.095
[5,   10] loss: 0.130
[5,   11] loss: 0.130
[5,   12] loss: 0.169
[5,   13] loss: 0.163
[5,   14] loss: 0.166
[5,   15] loss: 0.135
[5,   16] loss: 0.200
[5,   17] loss: 0.112
[5,   18] loss: 0.195
[5,   19] loss: 0.197
[5,   20] loss: 0.157
[5,   21] loss: 0.136
[5,   22] loss: 0.198
5
[6,    1] loss: 0.131
[6,    2] loss: 0.104
[6,    3] loss: 0.126
[6,    4] loss: 0.182
[6,    5] loss: 0.078
[6,    6] loss: 0.111
[6,    7] loss: 0.181
[6,    8] loss: 0.182
[6,    9] loss: 0.132
[6,   10] loss: 0.185
[6,   11] loss: 0.097
[6,   12] loss: 0.137
[6,   13] loss: 0.174
[6,   14] loss: 0.140
[6,   15] loss: 0.126
[6,   16] loss: 0.210
[6,   17] loss: 0.101
[6,   18] loss: 0.114
[6,   19] loss: 0.124
[6,   20] loss: 0.179
[6,   21] loss: 0.084
[6,   22] loss: 0.148
6
[7,    1] loss: 0.095
[7,    2] loss: 0.096
[7,    3] loss: 0.075
[7,    4] loss: 0.124
[7,    5] loss: 0.167
[7,    6] loss: 0.152
[7,    7] loss: 0.100
[7,    8] loss: 0.104
[7,    9] loss: 0.147
[7,   10] loss: 0.142
[7,   11] loss: 0.179
[7,   12] loss: 0.173
[7,   13] loss: 0.076
[7,   14] loss: 0.038
[7,   15] loss: 0.073
[7,   16] loss: 0.208
[7,   17] loss: 0.125
[7,   18] loss: 0.091
[7,   19] loss: 0.209
[7,   20] loss: 0.164
[7,   21] loss: 0.102
[7,   22] loss: 0.093
7
[8,    1] loss: 0.112
[8,    2] loss: 0.162
[8,    3] loss: 0.125
[8,    4] loss: 0.127
[8,    5] loss: 0.119
[8,    6] loss: 0.108
[8,    7] loss: 0.104
[8,    8] loss: 0.209
[8,    9] loss: 0.144
[8,   10] loss: 0.108
[8,   11] loss: 0.116
[8,   12] loss: 0.058
[8,   13] loss: 0.118
[8,   14] loss: 0.125
[8,   15] loss: 0.111
[8,   16] loss: 0.101
[8,   17] loss: 0.065
[8,   18] loss: 0.093
[8,   19] loss: 0.144
[8,   20] loss: 0.160
[8,   21] loss: 0.078
[8,   22] loss: 0.064
8
[9,    1] loss: 0.113
[9,    2] loss: 0.063
[9,    3] loss: 0.073
[9,    4] loss: 0.193
[9,    5] loss: 0.132
[9,    6] loss: 0.117
[9,    7] loss: 0.112
[9,    8] loss: 0.111
[9,    9] loss: 0.064
[9,   10] loss: 0.157
[9,   11] loss: 0.144
[9,   12] loss: 0.165
[9,   13] loss: 0.093
[9,   14] loss: 0.086
[9,   15] loss: 0.039
[9,   16] loss: 0.115
[9,   17] loss: 0.076
[9,   18] loss: 0.124
[9,   19] loss: 0.159
[9,   20] loss: 0.110
[9,   21] loss: 0.100
[9,   22] loss: 0.168
9
[10,    1] loss: 0.166
[10,    2] loss: 0.112
[10,    3] loss: 0.145
[10,    4] loss: 0.078
[10,    5] loss: 0.110
[10,    6] loss: 0.102
[10,    7] loss: 0.114
[10,    8] loss: 0.075
[10,    9] loss: 0.131
[10,   10] loss: 0.153
[10,   11] loss: 0.072
[10,   12] loss: 0.108
[10,   13] loss: 0.083
[10,   14] loss: 0.087
[10,   15] loss: 0.051
[10,   16] loss: 0.112
[10,   17] loss: 0.117
[10,   18] loss: 0.125
[10,   19] loss: 0.113
[10,   20] loss: 0.109
[10,   21] loss: 0.088
[10,   22] loss: 0.062
10
[11,    1] loss: 0.103
[11,    2] loss: 0.135
[11,    3] loss: 0.079
[11,    4] loss: 0.088
[11,    5] loss: 0.107
[11,    6] loss: 0.113
[11,    7] loss: 0.166
[11,    8] loss: 0.109
[11,    9] loss: 0.129
[11,   10] loss: 0.061
[11,   11] loss: 0.107
[11,   12] loss: 0.085
[11,   13] loss: 0.090
[11,   14] loss: 0.161
[11,   15] loss: 0.072
[11,   16] loss: 0.063
[11,   17] loss: 0.069
[11,   18] loss: 0.053
[11,   19] loss: 0.129
[11,   20] loss: 0.093
[11,   21] loss: 0.108
[11,   22] loss: 0.067
11
[12,    1] loss: 0.138
[12,    2] loss: 0.149
[12,    3] loss: 0.076
[12,    4] loss: 0.144
[12,    5] loss: 0.084
[12,    6] loss: 0.106
[12,    7] loss: 0.087
[12,    8] loss: 0.063
[12,    9] loss: 0.071
[12,   10] loss: 0.168
[12,   11] loss: 0.085
[12,   12] loss: 0.095
[12,   13] loss: 0.065
[12,   14] loss: 0.076
[12,   15] loss: 0.119
[12,   16] loss: 0.061
[12,   17] loss: 0.090
[12,   18] loss: 0.091
[12,   19] loss: 0.094
[12,   20] loss: 0.094
[12,   21] loss: 0.087
[12,   22] loss: 0.098
12
[13,    1] loss: 0.075
[13,    2] loss: 0.060
[13,    3] loss: 0.095
[13,    4] loss: 0.093
[13,    5] loss: 0.137
[13,    6] loss: 0.100
[13,    7] loss: 0.065
[13,    8] loss: 0.116
[13,    9] loss: 0.117
[13,   10] loss: 0.082
[13,   11] loss: 0.082
[13,   12] loss: 0.075
[13,   13] loss: 0.089
[13,   14] loss: 0.094
[13,   15] loss: 0.095
[13,   16] loss: 0.111
[13,   17] loss: 0.060
[13,   18] loss: 0.115
[13,   19] loss: 0.118
[13,   20] loss: 0.078
[13,   21] loss: 0.086
[13,   22] loss: 0.066
13
[14,    1] loss: 0.046
[14,    2] loss: 0.078
[14,    3] loss: 0.124
[14,    4] loss: 0.077
[14,    5] loss: 0.107
[14,    6] loss: 0.045
[14,    7] loss: 0.063
[14,    8] loss: 0.102
[14,    9] loss: 0.071
[14,   10] loss: 0.092
[14,   11] loss: 0.075
[14,   12] loss: 0.128
[14,   13] loss: 0.091
[14,   14] loss: 0.141
[14,   15] loss: 0.117
[14,   16] loss: 0.108
[14,   17] loss: 0.100
[14,   18] loss: 0.063
[14,   19] loss: 0.102
[14,   20] loss: 0.089
[14,   21] loss: 0.083
[14,   22] loss: 0.095
14
[15,    1] loss: 0.063
[15,    2] loss: 0.071
[15,    3] loss: 0.150
[15,    4] loss: 0.047
[15,    5] loss: 0.068
[15,    6] loss: 0.080
[15,    7] loss: 0.098
[15,    8] loss: 0.093
[15,    9] loss: 0.083
[15,   10] loss: 0.063
[15,   11] loss: 0.084
[15,   12] loss: 0.101
[15,   13] loss: 0.097
[15,   14] loss: 0.092
[15,   15] loss: 0.127
[15,   16] loss: 0.043
[15,   17] loss: 0.072
[15,   18] loss: 0.111
[15,   19] loss: 0.052
[15,   20] loss: 0.101
[15,   21] loss: 0.073
[15,   22] loss: 0.136
15
[16,    1] loss: 0.071
[16,    2] loss: 0.084
[16,    3] loss: 0.056
[16,    4] loss: 0.077
[16,    5] loss: 0.084
[16,    6] loss: 0.068
[16,    7] loss: 0.108
[16,    8] loss: 0.095
[16,    9] loss: 0.070
[16,   10] loss: 0.096
[16,   11] loss: 0.104
[16,   12] loss: 0.080
[16,   13] loss: 0.079
[16,   14] loss: 0.113
[16,   15] loss: 0.102
[16,   16] loss: 0.073
[16,   17] loss: 0.067
[16,   18] loss: 0.073
[16,   19] loss: 0.062
[16,   20] loss: 0.062
[16,   21] loss: 0.071
[16,   22] loss: 0.141
16
[17,    1] loss: 0.088
[17,    2] loss: 0.066
[17,    3] loss: 0.084
[17,    4] loss: 0.071
[17,    5] loss: 0.096
[17,    6] loss: 0.084
[17,    7] loss: 0.099
[17,    8] loss: 0.081
[17,    9] loss: 0.060
[17,   10] loss: 0.068
[17,   11] loss: 0.060
[17,   12] loss: 0.095
[17,   13] loss: 0.081
[17,   14] loss: 0.059
[17,   15] loss: 0.049
[17,   16] loss: 0.098
[17,   17] loss: 0.091
[17,   18] loss: 0.082
[17,   19] loss: 0.117
[17,   20] loss: 0.089
[17,   21] loss: 0.075
[17,   22] loss: 0.093
17
[18,    1] loss: 0.058
[18,    2] loss: 0.105
[18,    3] loss: 0.057
[18,    4] loss: 0.110
[18,    5] loss: 0.063
[18,    6] loss: 0.066
[18,    7] loss: 0.082
[18,    8] loss: 0.077
[18,    9] loss: 0.064
[18,   10] loss: 0.070
[18,   11] loss: 0.056
[18,   12] loss: 0.097
[18,   13] loss: 0.052
[18,   14] loss: 0.109
[18,   15] loss: 0.069
[18,   16] loss: 0.117
[18,   17] loss: 0.064
[18,   18] loss: 0.093
[18,   19] loss: 0.083
[18,   20] loss: 0.083
[18,   21] loss: 0.098
[18,   22] loss: 0.116
18
[19,    1] loss: 0.077
[19,    2] loss: 0.085
[19,    3] loss: 0.091
[19,    4] loss: 0.058
[19,    5] loss: 0.037
[19,    6] loss: 0.112
[19,    7] loss: 0.060
[19,    8] loss: 0.088
[19,    9] loss: 0.071
[19,   10] loss: 0.078
[19,   11] loss: 0.070
[19,   12] loss: 0.071
[19,   13] loss: 0.072
[19,   14] loss: 0.072
[19,   15] loss: 0.127
[19,   16] loss: 0.064
[19,   17] loss: 0.114
[19,   18] loss: 0.068
[19,   19] loss: 0.088
[19,   20] loss: 0.065
[19,   21] loss: 0.087
[19,   22] loss: 0.088
19
[20,    1] loss: 0.086
[20,    2] loss: 0.118
[20,    3] loss: 0.077
[20,    4] loss: 0.067
[20,    5] loss: 0.064
[20,    6] loss: 0.078
[20,    7] loss: 0.064
[20,    8] loss: 0.059
[20,    9] loss: 0.058
[20,   10] loss: 0.114
[20,   11] loss: 0.079
[20,   12] loss: 0.129
[20,   13] loss: 0.097
[20,   14] loss: 0.069
[20,   15] loss: 0.072
[20,   16] loss: 0.064
[20,   17] loss: 0.106
[20,   18] loss: 0.092
[20,   19] loss: 0.092
[20,   20] loss: 0.038
[20,   21] loss: 0.072
[20,   22] loss: 0.076
20
[21,    1] loss: 0.059
[21,    2] loss: 0.157
[21,    3] loss: 0.109
[21,    4] loss: 0.096
[21,    5] loss: 0.080
[21,    6] loss: 0.058
[21,    7] loss: 0.065
[21,    8] loss: 0.043
[21,    9] loss: 0.056
[21,   10] loss: 0.079
[21,   11] loss: 0.061
[21,   12] loss: 0.094
[21,   13] loss: 0.067
[21,   14] loss: 0.071
[21,   15] loss: 0.104
[21,   16] loss: 0.103
[21,   17] loss: 0.075
[21,   18] loss: 0.086
[21,   19] loss: 0.052
[21,   20] loss: 0.087
[21,   21] loss: 0.057
[21,   22] loss: 0.064
21
[22,    1] loss: 0.091
[22,    2] loss: 0.071
[22,    3] loss: 0.065
[22,    4] loss: 0.085
[22,    5] loss: 0.067
[22,    6] loss: 0.055
[22,    7] loss: 0.088
[22,    8] loss: 0.081
[22,    9] loss: 0.111
[22,   10] loss: 0.046
[22,   11] loss: 0.083
[22,   12] loss: 0.073
[22,   13] loss: 0.084
[22,   14] loss: 0.054
[22,   15] loss: 0.116
[22,   16] loss: 0.067
[22,   17] loss: 0.075
[22,   18] loss: 0.120
[22,   19] loss: 0.072
[22,   20] loss: 0.059
[22,   21] loss: 0.091
[22,   22] loss: 0.040
22
[23,    1] loss: 0.103
[23,    2] loss: 0.080
[23,    3] loss: 0.085
[23,    4] loss: 0.048
[23,    5] loss: 0.069
[23,    6] loss: 0.052
[23,    7] loss: 0.080
[23,    8] loss: 0.065
[23,    9] loss: 0.083
[23,   10] loss: 0.092
[23,   11] loss: 0.063
[23,   12] loss: 0.058
[23,   13] loss: 0.103
[23,   14] loss: 0.079
[23,   15] loss: 0.082
[23,   16] loss: 0.074
[23,   17] loss: 0.058
[23,   18] loss: 0.059
[23,   19] loss: 0.056
[23,   20] loss: 0.092
[23,   21] loss: 0.096
[23,   22] loss: 0.087
23
[24,    1] loss: 0.099
[24,    2] loss: 0.064
[24,    3] loss: 0.058
[24,    4] loss: 0.060
[24,    5] loss: 0.101
[24,    6] loss: 0.059
[24,    7] loss: 0.062
[24,    8] loss: 0.101
[24,    9] loss: 0.053
[24,   10] loss: 0.084
[24,   11] loss: 0.108
[24,   12] loss: 0.064
[24,   13] loss: 0.077
[24,   14] loss: 0.132
[24,   15] loss: 0.095
[24,   16] loss: 0.078
[24,   17] loss: 0.057
[24,   18] loss: 0.085
[24,   19] loss: 0.071
[24,   20] loss: 0.079
[24,   21] loss: 0.095
[24,   22] loss: 0.053
24
[25,    1] loss: 0.061
[25,    2] loss: 0.061
[25,    3] loss: 0.045
[25,    4] loss: 0.034
[25,    5] loss: 0.085
[25,    6] loss: 0.058
[25,    7] loss: 0.082
[25,    8] loss: 0.074
[25,    9] loss: 0.084
[25,   10] loss: 0.103
[25,   11] loss: 0.073
[25,   12] loss: 0.060
[25,   13] loss: 0.060
[25,   14] loss: 0.088
[25,   15] loss: 0.050
[25,   16] loss: 0.105
[25,   17] loss: 0.065
[25,   18] loss: 0.129
[25,   19] loss: 0.081
[25,   20] loss: 0.085
[25,   21] loss: 0.073
[25,   22] loss: 0.053
25
[26,    1] loss: 0.081
[26,    2] loss: 0.070
[26,    3] loss: 0.060
[26,    4] loss: 0.072
[26,    5] loss: 0.093
[26,    6] loss: 0.051
[26,    7] loss: 0.058
[26,    8] loss: 0.093
[26,    9] loss: 0.086
[26,   10] loss: 0.089
[26,   11] loss: 0.067
[26,   12] loss: 0.072
[26,   13] loss: 0.115
[26,   14] loss: 0.074
[26,   15] loss: 0.106
[26,   16] loss: 0.068
[26,   17] loss: 0.080
[26,   18] loss: 0.052
[26,   19] loss: 0.084
[26,   20] loss: 0.057
[26,   21] loss: 0.068
[26,   22] loss: 0.080
26
[27,    1] loss: 0.059
[27,    2] loss: 0.089
[27,    3] loss: 0.061
[27,    4] loss: 0.060
[27,    5] loss: 0.054
[27,    6] loss: 0.082
[27,    7] loss: 0.070
[27,    8] loss: 0.081
[27,    9] loss: 0.062
[27,   10] loss: 0.072
[27,   11] loss: 0.047
[27,   12] loss: 0.079
[27,   13] loss: 0.063
[27,   14] loss: 0.080
[27,   15] loss: 0.131
[27,   16] loss: 0.107
[27,   17] loss: 0.125
[27,   18] loss: 0.054
[27,   19] loss: 0.064
[27,   20] loss: 0.072
[27,   21] loss: 0.076
[27,   22] loss: 0.074
27
[28,    1] loss: 0.044
[28,    2] loss: 0.092
[28,    3] loss: 0.064
[28,    4] loss: 0.075
[28,    5] loss: 0.088
[28,    6] loss: 0.068
[28,    7] loss: 0.046
[28,    8] loss: 0.067
[28,    9] loss: 0.087
[28,   10] loss: 0.069
[28,   11] loss: 0.075
[28,   12] loss: 0.055
[28,   13] loss: 0.071
[28,   14] loss: 0.099
[28,   15] loss: 0.127
[28,   16] loss: 0.044
[28,   17] loss: 0.077
[28,   18] loss: 0.108
[28,   19] loss: 0.072
[28,   20] loss: 0.098
[28,   21] loss: 0.085
[28,   22] loss: 0.081
28
[29,    1] loss: 0.090
[29,    2] loss: 0.088
[29,    3] loss: 0.097
[29,    4] loss: 0.066
[29,    5] loss: 0.064
[29,    6] loss: 0.074
[29,    7] loss: 0.073
[29,    8] loss: 0.065
[29,    9] loss: 0.064
[29,   10] loss: 0.053
[29,   11] loss: 0.068
[29,   12] loss: 0.106
[29,   13] loss: 0.078
[29,   14] loss: 0.080
[29,   15] loss: 0.094
[29,   16] loss: 0.073
[29,   17] loss: 0.064
[29,   18] loss: 0.058
[29,   19] loss: 0.080
[29,   20] loss: 0.101
[29,   21] loss: 0.038
[29,   22] loss: 0.064
29
[30,    1] loss: 0.065
[30,    2] loss: 0.086
[30,    3] loss: 0.070
[30,    4] loss: 0.089
[30,    5] loss: 0.088
[30,    6] loss: 0.070
[30,    7] loss: 0.080
[30,    8] loss: 0.066
[30,    9] loss: 0.085
[30,   10] loss: 0.061
[30,   11] loss: 0.046
[30,   12] loss: 0.047
[30,   13] loss: 0.102
[30,   14] loss: 0.089
[30,   15] loss: 0.075
[30,   16] loss: 0.083
[30,   17] loss: 0.067
[30,   18] loss: 0.072
[30,   19] loss: 0.058
[30,   20] loss: 0.068
[30,   21] loss: 0.064
[30,   22] loss: 0.050
30
[31,    1] loss: 0.053
[31,    2] loss: 0.069
[31,    3] loss: 0.084
[31,    4] loss: 0.046
[31,    5] loss: 0.057
[31,    6] loss: 0.052
[31,    7] loss: 0.055
[31,    8] loss: 0.068
[31,    9] loss: 0.111
[31,   10] loss: 0.059
[31,   11] loss: 0.095
[31,   12] loss: 0.060
[31,   13] loss: 0.082
[31,   14] loss: 0.100
[31,   15] loss: 0.088
[31,   16] loss: 0.063
[31,   17] loss: 0.060
[31,   18] loss: 0.079
[31,   19] loss: 0.085
[31,   20] loss: 0.079
[31,   21] loss: 0.071
[31,   22] loss: 0.076
31
[32,    1] loss: 0.065
[32,    2] loss: 0.075
[32,    3] loss: 0.086
[32,    4] loss: 0.046
[32,    5] loss: 0.068
[32,    6] loss: 0.057
[32,    7] loss: 0.085
[32,    8] loss: 0.065
[32,    9] loss: 0.071
[32,   10] loss: 0.090
[32,   11] loss: 0.064
[32,   12] loss: 0.098
[32,   13] loss: 0.065
[32,   14] loss: 0.054
[32,   15] loss: 0.066
[32,   16] loss: 0.056
[32,   17] loss: 0.110
[32,   18] loss: 0.141
[32,   19] loss: 0.086
[32,   20] loss: 0.088
[32,   21] loss: 0.067
[32,   22] loss: 0.073
32
[33,    1] loss: 0.087
[33,    2] loss: 0.119
[33,    3] loss: 0.093
[33,    4] loss: 0.062
[33,    5] loss: 0.092
[33,    6] loss: 0.062
[33,    7] loss: 0.101
[33,    8] loss: 0.104
[33,    9] loss: 0.095
[33,   10] loss: 0.033
[33,   11] loss: 0.063
[33,   12] loss: 0.061
[33,   13] loss: 0.056
[33,   14] loss: 0.064
[33,   15] loss: 0.074
[33,   16] loss: 0.093
[33,   17] loss: 0.068
[33,   18] loss: 0.069
[33,   19] loss: 0.053
[33,   20] loss: 0.079
[33,   21] loss: 0.050
[33,   22] loss: 0.067
33
[34,    1] loss: 0.061
[34,    2] loss: 0.072
[34,    3] loss: 0.067
[34,    4] loss: 0.066
[34,    5] loss: 0.048
[34,    6] loss: 0.056
[34,    7] loss: 0.065
[34,    8] loss: 0.103
[34,    9] loss: 0.060
[34,   10] loss: 0.076
[34,   11] loss: 0.045
[34,   12] loss: 0.095
[34,   13] loss: 0.072
[34,   14] loss: 0.088
[34,   15] loss: 0.068
[34,   16] loss: 0.083
[34,   17] loss: 0.090
[34,   18] loss: 0.060
[34,   19] loss: 0.073
[34,   20] loss: 0.088
[34,   21] loss: 0.075
[34,   22] loss: 0.070
34
[35,    1] loss: 0.089
[35,    2] loss: 0.062
[35,    3] loss: 0.081
[35,    4] loss: 0.072
[35,    5] loss: 0.055
[35,    6] loss: 0.051
[35,    7] loss: 0.060
[35,    8] loss: 0.111
[35,    9] loss: 0.106
[35,   10] loss: 0.050
[35,   11] loss: 0.090
[35,   12] loss: 0.076
[35,   13] loss: 0.054
[35,   14] loss: 0.060
[35,   15] loss: 0.082
[35,   16] loss: 0.076
[35,   17] loss: 0.077
[35,   18] loss: 0.074
[35,   19] loss: 0.056
[35,   20] loss: 0.069
[35,   21] loss: 0.050
[35,   22] loss: 0.074
35
[36,    1] loss: 0.066
[36,    2] loss: 0.072
[36,    3] loss: 0.057
[36,    4] loss: 0.058
[36,    5] loss: 0.103
[36,    6] loss: 0.083
[36,    7] loss: 0.081
[36,    8] loss: 0.091
[36,    9] loss: 0.078
[36,   10] loss: 0.057
[36,   11] loss: 0.057
[36,   12] loss: 0.051
[36,   13] loss: 0.069
[36,   14] loss: 0.058
[36,   15] loss: 0.062
[36,   16] loss: 0.062
[36,   17] loss: 0.073
[36,   18] loss: 0.074
[36,   19] loss: 0.084
[36,   20] loss: 0.056
[36,   21] loss: 0.057
[36,   22] loss: 0.094
36
[37,    1] loss: 0.056
[37,    2] loss: 0.100
[37,    3] loss: 0.071
[37,    4] loss: 0.097
[37,    5] loss: 0.065
[37,    6] loss: 0.070
[37,    7] loss: 0.070
[37,    8] loss: 0.070
[37,    9] loss: 0.041
[37,   10] loss: 0.067
[37,   11] loss: 0.059
[37,   12] loss: 0.060
[37,   13] loss: 0.072
[37,   14] loss: 0.072
[37,   15] loss: 0.084
[37,   16] loss: 0.078
[37,   17] loss: 0.048
[37,   18] loss: 0.076
[37,   19] loss: 0.085
[37,   20] loss: 0.083
[37,   21] loss: 0.101
[37,   22] loss: 0.067
37
[38,    1] loss: 0.065
[38,    2] loss: 0.060
[38,    3] loss: 0.083
[38,    4] loss: 0.092
[38,    5] loss: 0.050
[38,    6] loss: 0.062
[38,    7] loss: 0.057
[38,    8] loss: 0.068
[38,    9] loss: 0.089
[38,   10] loss: 0.054
[38,   11] loss: 0.106
[38,   12] loss: 0.060
[38,   13] loss: 0.073
[38,   14] loss: 0.088
[38,   15] loss: 0.068
[38,   16] loss: 0.048
[38,   17] loss: 0.084
[38,   18] loss: 0.056
[38,   19] loss: 0.089
[38,   20] loss: 0.100
[38,   21] loss: 0.096
[38,   22] loss: 0.037
38
[39,    1] loss: 0.084
[39,    2] loss: 0.085
[39,    3] loss: 0.062
[39,    4] loss: 0.049
[39,    5] loss: 0.072
[39,    6] loss: 0.060
[39,    7] loss: 0.099
[39,    8] loss: 0.059
[39,    9] loss: 0.080
[39,   10] loss: 0.074
[39,   11] loss: 0.092
[39,   12] loss: 0.073
[39,   13] loss: 0.078
[39,   14] loss: 0.059
[39,   15] loss: 0.076
[39,   16] loss: 0.101
[39,   17] loss: 0.084
[39,   18] loss: 0.074
[39,   19] loss: 0.063
[39,   20] loss: 0.044
[39,   21] loss: 0.061
[39,   22] loss: 0.055
39
[40,    1] loss: 0.045
[40,    2] loss: 0.062
[40,    3] loss: 0.116
[40,    4] loss: 0.055
[40,    5] loss: 0.057
[40,    6] loss: 0.072
[40,    7] loss: 0.058
[40,    8] loss: 0.083
[40,    9] loss: 0.068
[40,   10] loss: 0.067
[40,   11] loss: 0.043
[40,   12] loss: 0.071
[40,   13] loss: 0.082
[40,   14] loss: 0.107
[40,   15] loss: 0.053
[40,   16] loss: 0.056
[40,   17] loss: 0.058
[40,   18] loss: 0.064
[40,   19] loss: 0.077
[40,   20] loss: 0.069
[40,   21] loss: 0.048
[40,   22] loss: 0.112
40
[41,    1] loss: 0.058
[41,    2] loss: 0.039
[41,    3] loss: 0.068
[41,    4] loss: 0.104
[41,    5] loss: 0.064
[41,    6] loss: 0.050
[41,    7] loss: 0.059
[41,    8] loss: 0.079
[41,    9] loss: 0.063
[41,   10] loss: 0.079
[41,   11] loss: 0.088
[41,   12] loss: 0.067
[41,   13] loss: 0.065
[41,   14] loss: 0.067
[41,   15] loss: 0.080
[41,   16] loss: 0.052
[41,   17] loss: 0.082
[41,   18] loss: 0.092
[41,   19] loss: 0.063
[41,   20] loss: 0.048
[41,   21] loss: 0.030
[41,   22] loss: 0.094
41
[42,    1] loss: 0.065
[42,    2] loss: 0.100
[42,    3] loss: 0.072
[42,    4] loss: 0.069
[42,    5] loss: 0.075
[42,    6] loss: 0.087
[42,    7] loss: 0.100
[42,    8] loss: 0.099
[42,    9] loss: 0.048
[42,   10] loss: 0.034
[42,   11] loss: 0.079
[42,   12] loss: 0.056
[42,   13] loss: 0.060
[42,   14] loss: 0.064
[42,   15] loss: 0.069
[42,   16] loss: 0.050
[42,   17] loss: 0.050
[42,   18] loss: 0.045
[42,   19] loss: 0.075
[42,   20] loss: 0.067
[42,   21] loss: 0.080
[42,   22] loss: 0.057
42
[43,    1] loss: 0.054
[43,    2] loss: 0.070
[43,    3] loss: 0.078
[43,    4] loss: 0.066
[43,    5] loss: 0.079
[43,    6] loss: 0.072
[43,    7] loss: 0.077
[43,    8] loss: 0.059
[43,    9] loss: 0.050
[43,   10] loss: 0.094
[43,   11] loss: 0.081
[43,   12] loss: 0.069
[43,   13] loss: 0.079
[43,   14] loss: 0.046
[43,   15] loss: 0.054
[43,   16] loss: 0.070
[43,   17] loss: 0.062
[43,   18] loss: 0.066
[43,   19] loss: 0.087
[43,   20] loss: 0.090
[43,   21] loss: 0.115
[43,   22] loss: 0.045
43
[44,    1] loss: 0.076
[44,    2] loss: 0.056
[44,    3] loss: 0.059
[44,    4] loss: 0.060
[44,    5] loss: 0.109
[44,    6] loss: 0.092
[44,    7] loss: 0.069
[44,    8] loss: 0.072
[44,    9] loss: 0.048
[44,   10] loss: 0.077
[44,   11] loss: 0.066
[44,   12] loss: 0.049
[44,   13] loss: 0.068
[44,   14] loss: 0.093
[44,   15] loss: 0.050
[44,   16] loss: 0.051
[44,   17] loss: 0.062
[44,   18] loss: 0.077
[44,   19] loss: 0.070
[44,   20] loss: 0.067
[44,   21] loss: 0.074
[44,   22] loss: 0.071
44
[45,    1] loss: 0.079
[45,    2] loss: 0.065
[45,    3] loss: 0.069
[45,    4] loss: 0.046
[45,    5] loss: 0.105
[45,    6] loss: 0.070
[45,    7] loss: 0.063
[45,    8] loss: 0.055
[45,    9] loss: 0.066
[45,   10] loss: 0.052
[45,   11] loss: 0.061
[45,   12] loss: 0.071
[45,   13] loss: 0.055
[45,   14] loss: 0.063
[45,   15] loss: 0.083
[45,   16] loss: 0.077
[45,   17] loss: 0.057
[45,   18] loss: 0.054
[45,   19] loss: 0.093
[45,   20] loss: 0.060
[45,   21] loss: 0.083
[45,   22] loss: 0.055
45
[46,    1] loss: 0.061
[46,    2] loss: 0.071
[46,    3] loss: 0.074
[46,    4] loss: 0.056
[46,    5] loss: 0.077
[46,    6] loss: 0.063
[46,    7] loss: 0.065
[46,    8] loss: 0.039
[46,    9] loss: 0.058
[46,   10] loss: 0.067
[46,   11] loss: 0.077
[46,   12] loss: 0.072
[46,   13] loss: 0.067
[46,   14] loss: 0.040
[46,   15] loss: 0.061
[46,   16] loss: 0.053
[46,   17] loss: 0.075
[46,   18] loss: 0.086
[46,   19] loss: 0.049
[46,   20] loss: 0.069
[46,   21] loss: 0.071
[46,   22] loss: 0.121
46
[47,    1] loss: 0.067
[47,    2] loss: 0.047
[47,    3] loss: 0.062
[47,    4] loss: 0.109
[47,    5] loss: 0.102
[47,    6] loss: 0.062
[47,    7] loss: 0.050
[47,    8] loss: 0.056
[47,    9] loss: 0.100
[47,   10] loss: 0.049
[47,   11] loss: 0.075
[47,   12] loss: 0.054
[47,   13] loss: 0.089
[47,   14] loss: 0.103
[47,   15] loss: 0.101
[47,   16] loss: 0.081
[47,   17] loss: 0.056
[47,   18] loss: 0.069
[47,   19] loss: 0.059
[47,   20] loss: 0.063
[47,   21] loss: 0.056
[47,   22] loss: 0.068
47
[48,    1] loss: 0.063
[48,    2] loss: 0.045
[48,    3] loss: 0.079
[48,    4] loss: 0.041
[48,    5] loss: 0.053
[48,    6] loss: 0.071
[48,    7] loss: 0.056
[48,    8] loss: 0.051
[48,    9] loss: 0.087
[48,   10] loss: 0.058
[48,   11] loss: 0.074
[48,   12] loss: 0.060
[48,   13] loss: 0.059
[48,   14] loss: 0.069
[48,   15] loss: 0.064
[48,   16] loss: 0.093
[48,   17] loss: 0.133
[48,   18] loss: 0.066
[48,   19] loss: 0.039
[48,   20] loss: 0.055
[48,   21] loss: 0.062
[48,   22] loss: 0.081
48
[49,    1] loss: 0.077
[49,    2] loss: 0.077
[49,    3] loss: 0.048
[49,    4] loss: 0.035
[49,    5] loss: 0.046
[49,    6] loss: 0.055
[49,    7] loss: 0.057
[49,    8] loss: 0.070
[49,    9] loss: 0.078
[49,   10] loss: 0.062
[49,   11] loss: 0.064
[49,   12] loss: 0.107
[49,   13] loss: 0.090
[49,   14] loss: 0.099
[49,   15] loss: 0.049
[49,   16] loss: 0.063
[49,   17] loss: 0.096
[49,   18] loss: 0.079
[49,   19] loss: 0.072
[49,   20] loss: 0.059
[49,   21] loss: 0.080
[49,   22] loss: 0.078
49
[50,    1] loss: 0.056
[50,    2] loss: 0.071
[50,    3] loss: 0.074
[50,    4] loss: 0.064
[50,    5] loss: 0.028
[50,    6] loss: 0.088
[50,    7] loss: 0.083
[50,    8] loss: 0.073
[50,    9] loss: 0.047
[50,   10] loss: 0.067
[50,   11] loss: 0.103
[50,   12] loss: 0.073
[50,   13] loss: 0.076
[50,   14] loss: 0.068
[50,   15] loss: 0.068
[50,   16] loss: 0.087
[50,   17] loss: 0.068
[50,   18] loss: 0.077
[50,   19] loss: 0.081
[50,   20] loss: 0.089
[50,   21] loss: 0.087
[50,   22] loss: 0.082
50
[51,    1] loss: 0.064
[51,    2] loss: 0.064
[51,    3] loss: 0.038
[51,    4] loss: 0.051
[51,    5] loss: 0.074
[51,    6] loss: 0.064
[51,    7] loss: 0.064
[51,    8] loss: 0.071
[51,    9] loss: 0.067
[51,   10] loss: 0.092
[51,   11] loss: 0.066
[51,   12] loss: 0.074
[51,   13] loss: 0.049
[51,   14] loss: 0.072
[51,   15] loss: 0.059
[51,   16] loss: 0.073
[51,   17] loss: 0.043
[51,   18] loss: 0.094
[51,   19] loss: 0.097
[51,   20] loss: 0.060
[51,   21] loss: 0.074
[51,   22] loss: 0.081
51
[52,    1] loss: 0.050
[52,    2] loss: 0.045
[52,    3] loss: 0.049
[52,    4] loss: 0.086
[52,    5] loss: 0.070
[52,    6] loss: 0.041
[52,    7] loss: 0.038
[52,    8] loss: 0.047
[52,    9] loss: 0.074
[52,   10] loss: 0.054
[52,   11] loss: 0.089
[52,   12] loss: 0.062
[52,   13] loss: 0.103
[52,   14] loss: 0.049
[52,   15] loss: 0.075
[52,   16] loss: 0.070
[52,   17] loss: 0.060
[52,   18] loss: 0.062
[52,   19] loss: 0.086
[52,   20] loss: 0.071
[52,   21] loss: 0.059
[52,   22] loss: 0.054
52
[53,    1] loss: 0.054
[53,    2] loss: 0.101
[53,    3] loss: 0.060
[53,    4] loss: 0.060
[53,    5] loss: 0.065
[53,    6] loss: 0.081
[53,    7] loss: 0.077
[53,    8] loss: 0.059
[53,    9] loss: 0.052
[53,   10] loss: 0.070
[53,   11] loss: 0.061
[53,   12] loss: 0.078
[53,   13] loss: 0.088
[53,   14] loss: 0.059
[53,   15] loss: 0.062
[53,   16] loss: 0.042
[53,   17] loss: 0.057
[53,   18] loss: 0.048
[53,   19] loss: 0.059
[53,   20] loss: 0.058
[53,   21] loss: 0.075
[53,   22] loss: 0.105
53
[54,    1] loss: 0.094
[54,    2] loss: 0.070
[54,    3] loss: 0.067
[54,    4] loss: 0.061
[54,    5] loss: 0.075
[54,    6] loss: 0.063
[54,    7] loss: 0.054
[54,    8] loss: 0.077
[54,    9] loss: 0.046
[54,   10] loss: 0.052
[54,   11] loss: 0.078
[54,   12] loss: 0.076
[54,   13] loss: 0.069
[54,   14] loss: 0.068
[54,   15] loss: 0.087
[54,   16] loss: 0.064
[54,   17] loss: 0.039
[54,   18] loss: 0.046
[54,   19] loss: 0.063
[54,   20] loss: 0.056
[54,   21] loss: 0.083
[54,   22] loss: 0.048
54
[55,    1] loss: 0.064
[55,    2] loss: 0.062
[55,    3] loss: 0.060
[55,    4] loss: 0.057
[55,    5] loss: 0.042
[55,    6] loss: 0.064
[55,    7] loss: 0.080
[55,    8] loss: 0.055
[55,    9] loss: 0.079
[55,   10] loss: 0.085
[55,   11] loss: 0.101
[55,   12] loss: 0.064
[55,   13] loss: 0.075
[55,   14] loss: 0.076
[55,   15] loss: 0.067
[55,   16] loss: 0.053
[55,   17] loss: 0.064
[55,   18] loss: 0.069
[55,   19] loss: 0.043
[55,   20] loss: 0.041
[55,   21] loss: 0.049
[55,   22] loss: 0.067
55
[56,    1] loss: 0.067
[56,    2] loss: 0.052
[56,    3] loss: 0.048
[56,    4] loss: 0.068
[56,    5] loss: 0.068
[56,    6] loss: 0.080
[56,    7] loss: 0.061
[56,    8] loss: 0.076
[56,    9] loss: 0.044
[56,   10] loss: 0.069
[56,   11] loss: 0.046
[56,   12] loss: 0.074
[56,   13] loss: 0.062
[56,   14] loss: 0.074
[56,   15] loss: 0.044
[56,   16] loss: 0.069
[56,   17] loss: 0.080
[56,   18] loss: 0.061
[56,   19] loss: 0.070
[56,   20] loss: 0.078
[56,   21] loss: 0.061
[56,   22] loss: 0.062
56
[57,    1] loss: 0.045
[57,    2] loss: 0.075
[57,    3] loss: 0.065
[57,    4] loss: 0.058
[57,    5] loss: 0.064
[57,    6] loss: 0.053
[57,    7] loss: 0.076
[57,    8] loss: 0.050
[57,    9] loss: 0.059
[57,   10] loss: 0.058
[57,   11] loss: 0.059
[57,   12] loss: 0.054
[57,   13] loss: 0.076
[57,   14] loss: 0.046
[57,   15] loss: 0.092
[57,   16] loss: 0.061
[57,   17] loss: 0.075
[57,   18] loss: 0.075
[57,   19] loss: 0.043
[57,   20] loss: 0.073
[57,   21] loss: 0.067
[57,   22] loss: 0.049
57
[58,    1] loss: 0.051
[58,    2] loss: 0.075
[58,    3] loss: 0.059
[58,    4] loss: 0.073
[58,    5] loss: 0.046
[58,    6] loss: 0.070
[58,    7] loss: 0.045
[58,    8] loss: 0.066
[58,    9] loss: 0.078
[58,   10] loss: 0.064
[58,   11] loss: 0.071
[58,   12] loss: 0.068
[58,   13] loss: 0.078
[58,   14] loss: 0.054
[58,   15] loss: 0.071
[58,   16] loss: 0.048
[58,   17] loss: 0.046
[58,   18] loss: 0.049
[58,   19] loss: 0.078
[58,   20] loss: 0.072
[58,   21] loss: 0.077
[58,   22] loss: 0.054
58
[59,    1] loss: 0.078
[59,    2] loss: 0.057
[59,    3] loss: 0.079
[59,    4] loss: 0.060
[59,    5] loss: 0.084
[59,    6] loss: 0.062
[59,    7] loss: 0.096
[59,    8] loss: 0.061
[59,    9] loss: 0.075
[59,   10] loss: 0.076
[59,   11] loss: 0.044
[59,   12] loss: 0.046
[59,   13] loss: 0.049
[59,   14] loss: 0.067
[59,   15] loss: 0.046
[59,   16] loss: 0.065
[59,   17] loss: 0.064
[59,   18] loss: 0.061
[59,   19] loss: 0.065
[59,   20] loss: 0.052
[59,   21] loss: 0.069
[59,   22] loss: 0.052
59
[60,    1] loss: 0.069
[60,    2] loss: 0.065
[60,    3] loss: 0.055
[60,    4] loss: 0.049
[60,    5] loss: 0.071
[60,    6] loss: 0.053
[60,    7] loss: 0.070
[60,    8] loss: 0.079
[60,    9] loss: 0.068
[60,   10] loss: 0.066
[60,   11] loss: 0.064
[60,   12] loss: 0.056
[60,   13] loss: 0.081
[60,   14] loss: 0.062
[60,   15] loss: 0.048
[60,   16] loss: 0.048
[60,   17] loss: 0.079
[60,   18] loss: 0.096
[60,   19] loss: 0.073
[60,   20] loss: 0.089
[60,   21] loss: 0.082
[60,   22] loss: 0.078
60
[61,    1] loss: 0.093
[61,    2] loss: 0.064
[61,    3] loss: 0.056
[61,    4] loss: 0.069
[61,    5] loss: 0.059
[61,    6] loss: 0.076
[61,    7] loss: 0.064
[61,    8] loss: 0.052
[61,    9] loss: 0.050
[61,   10] loss: 0.065
[61,   11] loss: 0.068
[61,   12] loss: 0.069
[61,   13] loss: 0.054
[61,   14] loss: 0.056
[61,   15] loss: 0.056
[61,   16] loss: 0.079
[61,   17] loss: 0.039
[61,   18] loss: 0.055
[61,   19] loss: 0.070
[61,   20] loss: 0.070
[61,   21] loss: 0.053
[61,   22] loss: 0.077
61
[62,    1] loss: 0.036
[62,    2] loss: 0.064
[62,    3] loss: 0.063
[62,    4] loss: 0.055
[62,    5] loss: 0.072
[62,    6] loss: 0.047
[62,    7] loss: 0.066
[62,    8] loss: 0.051
[62,    9] loss: 0.036
[62,   10] loss: 0.080
[62,   11] loss: 0.066
[62,   12] loss: 0.045
[62,   13] loss: 0.099
[62,   14] loss: 0.090
[62,   15] loss: 0.052
[62,   16] loss: 0.065
[62,   17] loss: 0.092
[62,   18] loss: 0.107
[62,   19] loss: 0.067
[62,   20] loss: 0.046
[62,   21] loss: 0.040
[62,   22] loss: 0.052
62
[63,    1] loss: 0.055
[63,    2] loss: 0.091
[63,    3] loss: 0.089
[63,    4] loss: 0.039
[63,    5] loss: 0.067
[63,    6] loss: 0.121
[63,    7] loss: 0.073
[63,    8] loss: 0.057
[63,    9] loss: 0.073
[63,   10] loss: 0.105
[63,   11] loss: 0.115
[63,   12] loss: 0.074
[63,   13] loss: 0.075
[63,   14] loss: 0.086
[63,   15] loss: 0.051
[63,   16] loss: 0.064
[63,   17] loss: 0.041
[63,   18] loss: 0.072
[63,   19] loss: 0.044
[63,   20] loss: 0.075
[63,   21] loss: 0.045
[63,   22] loss: 0.078
63
[64,    1] loss: 0.088
[64,    2] loss: 0.050
[64,    3] loss: 0.045
[64,    4] loss: 0.057
[64,    5] loss: 0.091
[64,    6] loss: 0.058
[64,    7] loss: 0.060
[64,    8] loss: 0.044
[64,    9] loss: 0.057
[64,   10] loss: 0.059
[64,   11] loss: 0.083
[64,   12] loss: 0.055
[64,   13] loss: 0.067
[64,   14] loss: 0.089
[64,   15] loss: 0.090
[64,   16] loss: 0.045
[64,   17] loss: 0.057
[64,   18] loss: 0.066
[64,   19] loss: 0.069
[64,   20] loss: 0.067
[64,   21] loss: 0.072
[64,   22] loss: 0.049
64
[65,    1] loss: 0.043
[65,    2] loss: 0.077
[65,    3] loss: 0.083
[65,    4] loss: 0.053
[65,    5] loss: 0.048
[65,    6] loss: 0.111
[65,    7] loss: 0.078
[65,    8] loss: 0.047
[65,    9] loss: 0.056
[65,   10] loss: 0.079
[65,   11] loss: 0.060
[65,   12] loss: 0.046
[65,   13] loss: 0.076
[65,   14] loss: 0.077
[65,   15] loss: 0.078
[65,   16] loss: 0.087
[65,   17] loss: 0.062
[65,   18] loss: 0.130
[65,   19] loss: 0.068
[65,   20] loss: 0.059
[65,   21] loss: 0.073
[65,   22] loss: 0.055
65
[66,    1] loss: 0.057
[66,    2] loss: 0.072
[66,    3] loss: 0.091
[66,    4] loss: 0.050
[66,    5] loss: 0.087
[66,    6] loss: 0.068
[66,    7] loss: 0.069
[66,    8] loss: 0.085
[66,    9] loss: 0.078
[66,   10] loss: 0.079
[66,   11] loss: 0.066
[66,   12] loss: 0.059
[66,   13] loss: 0.047
[66,   14] loss: 0.104
[66,   15] loss: 0.058
[66,   16] loss: 0.060
[66,   17] loss: 0.056
[66,   18] loss: 0.069
[66,   19] loss: 0.077
[66,   20] loss: 0.062
[66,   21] loss: 0.057
[66,   22] loss: 0.090
66
[67,    1] loss: 0.035
[67,    2] loss: 0.066
[67,    3] loss: 0.053
[67,    4] loss: 0.044
[67,    5] loss: 0.071
[67,    6] loss: 0.059
[67,    7] loss: 0.065
[67,    8] loss: 0.055
[67,    9] loss: 0.041
[67,   10] loss: 0.059
[67,   11] loss: 0.062
[67,   12] loss: 0.072
[67,   13] loss: 0.078
[67,   14] loss: 0.048
[67,   15] loss: 0.043
[67,   16] loss: 0.082
[67,   17] loss: 0.061
[67,   18] loss: 0.051
[67,   19] loss: 0.092
[67,   20] loss: 0.058
[67,   21] loss: 0.071
[67,   22] loss: 0.069
67
[68,    1] loss: 0.055
[68,    2] loss: 0.082
[68,    3] loss: 0.072
[68,    4] loss: 0.061
[68,    5] loss: 0.056
[68,    6] loss: 0.088
[68,    7] loss: 0.063
[68,    8] loss: 0.050
[68,    9] loss: 0.041
[68,   10] loss: 0.057
[68,   11] loss: 0.069
[68,   12] loss: 0.049
[68,   13] loss: 0.064
[68,   14] loss: 0.050
[68,   15] loss: 0.082
[68,   16] loss: 0.068
[68,   17] loss: 0.060
[68,   18] loss: 0.064
[68,   19] loss: 0.048
[68,   20] loss: 0.055
[68,   21] loss: 0.066
[68,   22] loss: 0.055
68
[69,    1] loss: 0.047
[69,    2] loss: 0.056
[69,    3] loss: 0.049
[69,    4] loss: 0.050
[69,    5] loss: 0.091
[69,    6] loss: 0.068
[69,    7] loss: 0.048
[69,    8] loss: 0.061
[69,    9] loss: 0.038
[69,   10] loss: 0.065
[69,   11] loss: 0.041
[69,   12] loss: 0.062
[69,   13] loss: 0.095
[69,   14] loss: 0.064
[69,   15] loss: 0.062
[69,   16] loss: 0.071
[69,   17] loss: 0.064
[69,   18] loss: 0.058
[69,   19] loss: 0.054
[69,   20] loss: 0.081
[69,   21] loss: 0.045
[69,   22] loss: 0.056
69
[70,    1] loss: 0.062
[70,    2] loss: 0.060
[70,    3] loss: 0.063
[70,    4] loss: 0.067
[70,    5] loss: 0.074
[70,    6] loss: 0.073
[70,    7] loss: 0.042
[70,    8] loss: 0.054
[70,    9] loss: 0.055
[70,   10] loss: 0.066
[70,   11] loss: 0.084
[70,   12] loss: 0.044
[70,   13] loss: 0.056
[70,   14] loss: 0.067
[70,   15] loss: 0.095
[70,   16] loss: 0.065
[70,   17] loss: 0.062
[70,   18] loss: 0.056
[70,   19] loss: 0.043
[70,   20] loss: 0.083
[70,   21] loss: 0.079
[70,   22] loss: 0.065
70
[71,    1] loss: 0.061
[71,    2] loss: 0.086
[71,    3] loss: 0.045
[71,    4] loss: 0.072
[71,    5] loss: 0.059
[71,    6] loss: 0.071
[71,    7] loss: 0.150
[71,    8] loss: 0.072
[71,    9] loss: 0.057
[71,   10] loss: 0.094
[71,   11] loss: 0.093
[71,   12] loss: 0.083
[71,   13] loss: 0.087
[71,   14] loss: 0.049
[71,   15] loss: 0.082
[71,   16] loss: 0.134
[71,   17] loss: 0.055
[71,   18] loss: 0.049
[71,   19] loss: 0.051
[71,   20] loss: 0.045
[71,   21] loss: 0.034
[71,   22] loss: 0.088
71
[72,    1] loss: 0.062
[72,    2] loss: 0.044
[72,    3] loss: 0.079
[72,    4] loss: 0.102
[72,    5] loss: 0.054
[72,    6] loss: 0.044
[72,    7] loss: 0.060
[72,    8] loss: 0.073
[72,    9] loss: 0.048
[72,   10] loss: 0.111
[72,   11] loss: 0.050
[72,   12] loss: 0.054
[72,   13] loss: 0.081
[72,   14] loss: 0.098
[72,   15] loss: 0.081
[72,   16] loss: 0.067
[72,   17] loss: 0.073
[72,   18] loss: 0.089
[72,   19] loss: 0.063
[72,   20] loss: 0.054
[72,   21] loss: 0.061
[72,   22] loss: 0.072
72
[73,    1] loss: 0.043
[73,    2] loss: 0.092
[73,    3] loss: 0.049
[73,    4] loss: 0.082
[73,    5] loss: 0.072
[73,    6] loss: 0.038
[73,    7] loss: 0.057
[73,    8] loss: 0.050
[73,    9] loss: 0.075
[73,   10] loss: 0.040
[73,   11] loss: 0.073
[73,   12] loss: 0.042
[73,   13] loss: 0.073
[73,   14] loss: 0.052
[73,   15] loss: 0.083
[73,   16] loss: 0.069
[73,   17] loss: 0.051
[73,   18] loss: 0.089
[73,   19] loss: 0.057
[73,   20] loss: 0.063
[73,   21] loss: 0.065
[73,   22] loss: 0.041
73
[74,    1] loss: 0.048
[74,    2] loss: 0.048
[74,    3] loss: 0.040
[74,    4] loss: 0.051
[74,    5] loss: 0.069
[74,    6] loss: 0.040
[74,    7] loss: 0.070
[74,    8] loss: 0.065
[74,    9] loss: 0.074
[74,   10] loss: 0.062
[74,   11] loss: 0.061
[74,   12] loss: 0.049
[74,   13] loss: 0.051
[74,   14] loss: 0.071
[74,   15] loss: 0.053
[74,   16] loss: 0.036
[74,   17] loss: 0.068
[74,   18] loss: 0.059
[74,   19] loss: 0.064
[74,   20] loss: 0.092
[74,   21] loss: 0.082
[74,   22] loss: 0.045
74
[75,    1] loss: 0.071
[75,    2] loss: 0.072
[75,    3] loss: 0.074
[75,    4] loss: 0.078
[75,    5] loss: 0.048
[75,    6] loss: 0.046
[75,    7] loss: 0.048
[75,    8] loss: 0.038
[75,    9] loss: 0.059
[75,   10] loss: 0.047
[75,   11] loss: 0.078
[75,   12] loss: 0.107
[75,   13] loss: 0.056
[75,   14] loss: 0.075
[75,   15] loss: 0.071
[75,   16] loss: 0.056
[75,   17] loss: 0.068
[75,   18] loss: 0.073
[75,   19] loss: 0.034
[75,   20] loss: 0.062
[75,   21] loss: 0.071
[75,   22] loss: 0.045
75
[76,    1] loss: 0.060
[76,    2] loss: 0.064
[76,    3] loss: 0.060
[76,    4] loss: 0.054
[76,    5] loss: 0.042
[76,    6] loss: 0.046
[76,    7] loss: 0.051
[76,    8] loss: 0.068
[76,    9] loss: 0.045
[76,   10] loss: 0.063
[76,   11] loss: 0.063
[76,   12] loss: 0.101
[76,   13] loss: 0.047
[76,   14] loss: 0.057
[76,   15] loss: 0.080
[76,   16] loss: 0.052
[76,   17] loss: 0.047
[76,   18] loss: 0.068
[76,   19] loss: 0.054
[76,   20] loss: 0.071
[76,   21] loss: 0.037
[76,   22] loss: 0.047
76
[77,    1] loss: 0.048
[77,    2] loss: 0.058
[77,    3] loss: 0.061
[77,    4] loss: 0.081
[77,    5] loss: 0.075
[77,    6] loss: 0.057
[77,    7] loss: 0.060
[77,    8] loss: 0.067
[77,    9] loss: 0.059
[77,   10] loss: 0.062
[77,   11] loss: 0.060
[77,   12] loss: 0.028
[77,   13] loss: 0.088
[77,   14] loss: 0.076
[77,   15] loss: 0.036
[77,   16] loss: 0.072
[77,   17] loss: 0.057
[77,   18] loss: 0.061
[77,   19] loss: 0.068
[77,   20] loss: 0.040
[77,   21] loss: 0.050
[77,   22] loss: 0.054
77
[78,    1] loss: 0.065
[78,    2] loss: 0.061
[78,    3] loss: 0.054
[78,    4] loss: 0.044
[78,    5] loss: 0.048
[78,    6] loss: 0.042
[78,    7] loss: 0.071
[78,    8] loss: 0.062
[78,    9] loss: 0.094
[78,   10] loss: 0.060
[78,   11] loss: 0.052
[78,   12] loss: 0.051
[78,   13] loss: 0.050
[78,   14] loss: 0.050
[78,   15] loss: 0.085
[78,   16] loss: 0.067
[78,   17] loss: 0.069
[78,   18] loss: 0.088
[78,   19] loss: 0.080
[78,   20] loss: 0.092
[78,   21] loss: 0.050
[78,   22] loss: 0.046
78
[79,    1] loss: 0.052
[79,    2] loss: 0.068
[79,    3] loss: 0.043
[79,    4] loss: 0.034
[79,    5] loss: 0.059
[79,    6] loss: 0.074
[79,    7] loss: 0.080
[79,    8] loss: 0.062
[79,    9] loss: 0.079
[79,   10] loss: 0.086
[79,   11] loss: 0.069
[79,   12] loss: 0.059
[79,   13] loss: 0.057
[79,   14] loss: 0.062
[79,   15] loss: 0.068
[79,   16] loss: 0.049
[79,   17] loss: 0.079
[79,   18] loss: 0.065
[79,   19] loss: 0.076
[79,   20] loss: 0.070
[79,   21] loss: 0.060
[79,   22] loss: 0.058
79
[80,    1] loss: 0.035
[80,    2] loss: 0.081
[80,    3] loss: 0.078
[80,    4] loss: 0.055
[80,    5] loss: 0.058
[80,    6] loss: 0.065
[80,    7] loss: 0.064
[80,    8] loss: 0.072
[80,    9] loss: 0.060
[80,   10] loss: 0.042
[80,   11] loss: 0.043
[80,   12] loss: 0.061
[80,   13] loss: 0.066
[80,   14] loss: 0.034
[80,   15] loss: 0.057
[80,   16] loss: 0.063
[80,   17] loss: 0.067
[80,   18] loss: 0.105
[80,   19] loss: 0.056
[80,   20] loss: 0.088
[80,   21] loss: 0.079
[80,   22] loss: 0.043
80
[81,    1] loss: 0.082
[81,    2] loss: 0.089
[81,    3] loss: 0.057
[81,    4] loss: 0.057
[81,    5] loss: 0.064
[81,    6] loss: 0.062
[81,    7] loss: 0.052
[81,    8] loss: 0.047
[81,    9] loss: 0.046
[81,   10] loss: 0.091
[81,   11] loss: 0.054
[81,   12] loss: 0.077
[81,   13] loss: 0.048
[81,   14] loss: 0.051
[81,   15] loss: 0.063
[81,   16] loss: 0.069
[81,   17] loss: 0.060
[81,   18] loss: 0.051
[81,   19] loss: 0.047
[81,   20] loss: 0.061
[81,   21] loss: 0.067
[81,   22] loss: 0.050
81
[82,    1] loss: 0.063
[82,    2] loss: 0.059
[82,    3] loss: 0.079
[82,    4] loss: 0.047
[82,    5] loss: 0.080
[82,    6] loss: 0.081
[82,    7] loss: 0.068
[82,    8] loss: 0.064
[82,    9] loss: 0.058
[82,   10] loss: 0.075
[82,   11] loss: 0.054
[82,   12] loss: 0.056
[82,   13] loss: 0.047
[82,   14] loss: 0.058
[82,   15] loss: 0.063
[82,   16] loss: 0.056
[82,   17] loss: 0.045
[82,   18] loss: 0.046
[82,   19] loss: 0.093
[82,   20] loss: 0.034
[82,   21] loss: 0.071
[82,   22] loss: 0.085
82
[83,    1] loss: 0.054
[83,    2] loss: 0.072
[83,    3] loss: 0.033
[83,    4] loss: 0.080
[83,    5] loss: 0.067
[83,    6] loss: 0.053
[83,    7] loss: 0.083
[83,    8] loss: 0.066
[83,    9] loss: 0.046
[83,   10] loss: 0.040
[83,   11] loss: 0.056
[83,   12] loss: 0.063
[83,   13] loss: 0.068
[83,   14] loss: 0.042
[83,   15] loss: 0.040
[83,   16] loss: 0.067
[83,   17] loss: 0.078
[83,   18] loss: 0.066
[83,   19] loss: 0.046
[83,   20] loss: 0.063
[83,   21] loss: 0.086
[83,   22] loss: 0.069
83
[84,    1] loss: 0.048
[84,    2] loss: 0.062
[84,    3] loss: 0.074
[84,    4] loss: 0.058
[84,    5] loss: 0.049
[84,    6] loss: 0.048
[84,    7] loss: 0.062
[84,    8] loss: 0.031
[84,    9] loss: 0.082
[84,   10] loss: 0.034
[84,   11] loss: 0.094
[84,   12] loss: 0.058
[84,   13] loss: 0.055
[84,   14] loss: 0.073
[84,   15] loss: 0.113
[84,   16] loss: 0.053
[84,   17] loss: 0.058
[84,   18] loss: 0.058
[84,   19] loss: 0.084
[84,   20] loss: 0.073
[84,   21] loss: 0.065
[84,   22] loss: 0.064
84
[85,    1] loss: 0.134
[85,    2] loss: 0.058
[85,    3] loss: 0.078
[85,    4] loss: 0.070
[85,    5] loss: 0.054
[85,    6] loss: 0.087
[85,    7] loss: 0.046
[85,    8] loss: 0.058
[85,    9] loss: 0.052
[85,   10] loss: 0.059
[85,   11] loss: 0.069
[85,   12] loss: 0.072
[85,   13] loss: 0.051
[85,   14] loss: 0.059
[85,   15] loss: 0.049
[85,   16] loss: 0.050
[85,   17] loss: 0.060
[85,   18] loss: 0.036
[85,   19] loss: 0.050
[85,   20] loss: 0.051
[85,   21] loss: 0.067
[85,   22] loss: 0.065
85
[86,    1] loss: 0.063
[86,    2] loss: 0.035
[86,    3] loss: 0.099
[86,    4] loss: 0.054
[86,    5] loss: 0.036
[86,    6] loss: 0.057
[86,    7] loss: 0.067
[86,    8] loss: 0.094
[86,    9] loss: 0.076
[86,   10] loss: 0.063
[86,   11] loss: 0.076
[86,   12] loss: 0.049
[86,   13] loss: 0.043
[86,   14] loss: 0.074
[86,   15] loss: 0.060
[86,   16] loss: 0.049
[86,   17] loss: 0.058
[86,   18] loss: 0.123
[86,   19] loss: 0.052
[86,   20] loss: 0.059
[86,   21] loss: 0.134
[86,   22] loss: 0.065
86
[87,    1] loss: 0.050
[87,    2] loss: 0.064
[87,    3] loss: 0.058
[87,    4] loss: 0.098
[87,    5] loss: 0.056
[87,    6] loss: 0.060
[87,    7] loss: 0.048
[87,    8] loss: 0.067
[87,    9] loss: 0.065
[87,   10] loss: 0.044
[87,   11] loss: 0.071
[87,   12] loss: 0.042
[87,   13] loss: 0.073
[87,   14] loss: 0.047
[87,   15] loss: 0.041
[87,   16] loss: 0.018
[87,   17] loss: 0.108
[87,   18] loss: 0.067
[87,   19] loss: 0.048
[87,   20] loss: 0.067
[87,   21] loss: 0.068
[87,   22] loss: 0.064
87
[88,    1] loss: 0.026
[88,    2] loss: 0.082
[88,    3] loss: 0.057
[88,    4] loss: 0.056
[88,    5] loss: 0.079
[88,    6] loss: 0.084
[88,    7] loss: 0.042
[88,    8] loss: 0.051
[88,    9] loss: 0.074
[88,   10] loss: 0.041
[88,   11] loss: 0.055
[88,   12] loss: 0.050
[88,   13] loss: 0.054
[88,   14] loss: 0.052
[88,   15] loss: 0.075
[88,   16] loss: 0.030
[88,   17] loss: 0.067
[88,   18] loss: 0.100
[88,   19] loss: 0.063
[88,   20] loss: 0.091
[88,   21] loss: 0.093
[88,   22] loss: 0.053
88
[89,    1] loss: 0.045
[89,    2] loss: 0.061
[89,    3] loss: 0.079
[89,    4] loss: 0.068
[89,    5] loss: 0.061
[89,    6] loss: 0.051
[89,    7] loss: 0.077
[89,    8] loss: 0.068
[89,    9] loss: 0.051
[89,   10] loss: 0.066
[89,   11] loss: 0.050
[89,   12] loss: 0.043
[89,   13] loss: 0.059
[89,   14] loss: 0.071
[89,   15] loss: 0.062
[89,   16] loss: 0.048
[89,   17] loss: 0.068
[89,   18] loss: 0.068
[89,   19] loss: 0.053
[89,   20] loss: 0.034
[89,   21] loss: 0.058
[89,   22] loss: 0.054
89
[90,    1] loss: 0.047
[90,    2] loss: 0.055
[90,    3] loss: 0.060
[90,    4] loss: 0.036
[90,    5] loss: 0.066
[90,    6] loss: 0.033
[90,    7] loss: 0.084
[90,    8] loss: 0.038
[90,    9] loss: 0.048
[90,   10] loss: 0.049
[90,   11] loss: 0.095
[90,   12] loss: 0.039
[90,   13] loss: 0.045
[90,   14] loss: 0.074
[90,   15] loss: 0.058
[90,   16] loss: 0.062
[90,   17] loss: 0.055
[90,   18] loss: 0.071
[90,   19] loss: 0.061
[90,   20] loss: 0.051
[90,   21] loss: 0.057
[90,   22] loss: 0.064
90
[91,    1] loss: 0.056
[91,    2] loss: 0.051
[91,    3] loss: 0.051
[91,    4] loss: 0.057
[91,    5] loss: 0.036
[91,    6] loss: 0.083
[91,    7] loss: 0.040
[91,    8] loss: 0.062
[91,    9] loss: 0.058
[91,   10] loss: 0.045
[91,   11] loss: 0.038
[91,   12] loss: 0.077
[91,   13] loss: 0.052
[91,   14] loss: 0.048
[91,   15] loss: 0.069
[91,   16] loss: 0.069
[91,   17] loss: 0.064
[91,   18] loss: 0.029
[91,   19] loss: 0.068
[91,   20] loss: 0.070
[91,   21] loss: 0.078
[91,   22] loss: 0.081
91
[92,    1] loss: 0.079
[92,    2] loss: 0.053
[92,    3] loss: 0.071
[92,    4] loss: 0.083
[92,    5] loss: 0.052
[92,    6] loss: 0.058
[92,    7] loss: 0.060
[92,    8] loss: 0.058
[92,    9] loss: 0.076
[92,   10] loss: 0.046
[92,   11] loss: 0.077
[92,   12] loss: 0.056
[92,   13] loss: 0.034
[92,   14] loss: 0.073
[92,   15] loss: 0.053
[92,   16] loss: 0.045
[92,   17] loss: 0.030
[92,   18] loss: 0.035
[92,   19] loss: 0.060
[92,   20] loss: 0.053
[92,   21] loss: 0.070
[92,   22] loss: 0.084
92
[93,    1] loss: 0.065
[93,    2] loss: 0.078
[93,    3] loss: 0.060
[93,    4] loss: 0.088
[93,    5] loss: 0.071
[93,    6] loss: 0.073
[93,    7] loss: 0.084
[93,    8] loss: 0.106
[93,    9] loss: 0.050
[93,   10] loss: 0.047
[93,   11] loss: 0.090
[93,   12] loss: 0.065
[93,   13] loss: 0.076
[93,   14] loss: 0.028
[93,   15] loss: 0.075
[93,   16] loss: 0.065
[93,   17] loss: 0.046
[93,   18] loss: 0.063
[93,   19] loss: 0.096
[93,   20] loss: 0.066
[93,   21] loss: 0.051
[93,   22] loss: 0.080
93
[94,    1] loss: 0.053
[94,    2] loss: 0.093
[94,    3] loss: 0.061
[94,    4] loss: 0.102
[94,    5] loss: 0.058
[94,    6] loss: 0.060
[94,    7] loss: 0.042
[94,    8] loss: 0.087
[94,    9] loss: 0.082
[94,   10] loss: 0.077
[94,   11] loss: 0.065
[94,   12] loss: 0.073
[94,   13] loss: 0.044
[94,   14] loss: 0.054
[94,   15] loss: 0.052
[94,   16] loss: 0.070
[94,   17] loss: 0.076
[94,   18] loss: 0.057
[94,   19] loss: 0.060
[94,   20] loss: 0.114
[94,   21] loss: 0.088
[94,   22] loss: 0.050
94
[95,    1] loss: 0.073
[95,    2] loss: 0.096
[95,    3] loss: 0.046
[95,    4] loss: 0.078
[95,    5] loss: 0.121
[95,    6] loss: 0.078
[95,    7] loss: 0.049
[95,    8] loss: 0.039
[95,    9] loss: 0.155
[95,   10] loss: 0.067
[95,   11] loss: 0.062
[95,   12] loss: 0.047
[95,   13] loss: 0.127
[95,   14] loss: 0.045
[95,   15] loss: 0.071
[95,   16] loss: 0.044
[95,   17] loss: 0.117
[95,   18] loss: 0.131
[95,   19] loss: 0.042
[95,   20] loss: 0.059
[95,   21] loss: 0.144
[95,   22] loss: 0.122
95
[96,    1] loss: 0.047
[96,    2] loss: 0.076
[96,    3] loss: 0.094
[96,    4] loss: 0.063
[96,    5] loss: 0.074
[96,    6] loss: 0.068
[96,    7] loss: 0.065
[96,    8] loss: 0.097
[96,    9] loss: 0.052
[96,   10] loss: 0.054
[96,   11] loss: 0.049
[96,   12] loss: 0.052
[96,   13] loss: 0.054
[96,   14] loss: 0.048
[96,   15] loss: 0.100
[96,   16] loss: 0.053
[96,   17] loss: 0.056
[96,   18] loss: 0.073
[96,   19] loss: 0.037
[96,   20] loss: 0.053
[96,   21] loss: 0.051
[96,   22] loss: 0.070
96
[97,    1] loss: 0.069
[97,    2] loss: 0.047
[97,    3] loss: 0.075
[97,    4] loss: 0.052
[97,    5] loss: 0.047
[97,    6] loss: 0.064
[97,    7] loss: 0.088
[97,    8] loss: 0.060
[97,    9] loss: 0.069
[97,   10] loss: 0.073
[97,   11] loss: 0.069
[97,   12] loss: 0.055
[97,   13] loss: 0.054
[97,   14] loss: 0.090
[97,   15] loss: 0.079
[97,   16] loss: 0.041
[97,   17] loss: 0.066
[97,   18] loss: 0.068
[97,   19] loss: 0.058
[97,   20] loss: 0.058
[97,   21] loss: 0.041
[97,   22] loss: 0.137
97
[98,    1] loss: 0.046
[98,    2] loss: 0.039
[98,    3] loss: 0.060
[98,    4] loss: 0.054
[98,    5] loss: 0.050
[98,    6] loss: 0.055
[98,    7] loss: 0.051
[98,    8] loss: 0.061
[98,    9] loss: 0.070
[98,   10] loss: 0.043
[98,   11] loss: 0.058
[98,   12] loss: 0.065
[98,   13] loss: 0.084
[98,   14] loss: 0.058
[98,   15] loss: 0.051
[98,   16] loss: 0.050
[98,   17] loss: 0.069
[98,   18] loss: 0.044
[98,   19] loss: 0.054
[98,   20] loss: 0.053
[98,   21] loss: 0.070
[98,   22] loss: 0.066
98
[99,    1] loss: 0.036
[99,    2] loss: 0.049
[99,    3] loss: 0.074
[99,    4] loss: 0.041
[99,    5] loss: 0.059
[99,    6] loss: 0.059
[99,    7] loss: 0.068
[99,    8] loss: 0.040
[99,    9] loss: 0.047
[99,   10] loss: 0.094
[99,   11] loss: 0.047
[99,   12] loss: 0.042
[99,   13] loss: 0.054
[99,   14] loss: 0.057
[99,   15] loss: 0.069
[99,   16] loss: 0.079
[99,   17] loss: 0.064
[99,   18] loss: 0.071
[99,   19] loss: 0.081
[99,   20] loss: 0.072
[99,   21] loss: 0.055
[99,   22] loss: 0.088
99
[100,    1] loss: 0.055
[100,    2] loss: 0.074
[100,    3] loss: 0.077
[100,    4] loss: 0.057
[100,    5] loss: 0.054
[100,    6] loss: 0.088
[100,    7] loss: 0.065
[100,    8] loss: 0.068
[100,    9] loss: 0.042
[100,   10] loss: 0.059
[100,   11] loss: 0.072
[100,   12] loss: 0.079
[100,   13] loss: 0.049
[100,   14] loss: 0.029
[100,   15] loss: 0.085
[100,   16] loss: 0.047
[100,   17] loss: 0.060
[100,   18] loss: 0.045
[100,   19] loss: 0.067
[100,   20] loss: 0.052
[100,   21] loss: 0.057
[100,   22] loss: 0.059
Finished Training
Mean Squared Error on Test Set: 0.06219591700682675
