0
[1,    1] loss: 2833.782
[1,    2] loss: 2947.850
[1,    3] loss: 2799.134
[1,    4] loss: 2749.037
[1,    5] loss: 2515.059
[1,    6] loss: 2176.282
[1,    7] loss: 2477.391
[1,    8] loss: 1951.718
[1,    9] loss: 2118.816
[1,   10] loss: 2090.748
[1,   11] loss: 1996.541
[1,   12] loss: 1934.562
[1,   13] loss: 1959.349
[1,   14] loss: 1843.239
[1,   15] loss: 1773.672
[1,   16] loss: 1720.588
[1,   17] loss: 1475.318
[1,   18] loss: 1723.983
[1,   19] loss: 1292.696
[1,   20] loss: 1377.258
[1,   21] loss: 1274.213
[1,   22] loss: 1209.671
1
[2,    1] loss: 1180.204
[2,    2] loss: 1063.521
[2,    3] loss: 1077.239
[2,    4] loss: 1020.648
[2,    5] loss: 1052.906
[2,    6] loss: 972.069
[2,    7] loss: 731.979
[2,    8] loss: 727.032
[2,    9] loss: 734.638
[2,   10] loss: 787.647
[2,   11] loss: 667.918
[2,   12] loss: 609.085
[2,   13] loss: 582.588
[2,   14] loss: 608.696
[2,   15] loss: 543.927
[2,   16] loss: 440.693
[2,   17] loss: 652.791
[2,   18] loss: 511.599
[2,   19] loss: 472.252
[2,   20] loss: 354.571
[2,   21] loss: 389.540
[2,   22] loss: 465.679
2
[3,    1] loss: 301.383
[3,    2] loss: 304.950
[3,    3] loss: 210.670
[3,    4] loss: 218.486
[3,    5] loss: 370.875
[3,    6] loss: 193.823
[3,    7] loss: 281.401
[3,    8] loss: 315.199
[3,    9] loss: 215.514
[3,   10] loss: 182.191
[3,   11] loss: 205.112
[3,   12] loss: 185.295
[3,   13] loss: 200.471
[3,   14] loss: 218.594
[3,   15] loss: 115.729
[3,   16] loss: 148.160
[3,   17] loss: 141.529
[3,   18] loss: 170.276
[3,   19] loss: 129.874
[3,   20] loss: 93.652
[3,   21] loss: 87.521
[3,   22] loss: 88.481
3
[4,    1] loss: 92.245
[4,    2] loss: 59.151
[4,    3] loss: 108.307
[4,    4] loss: 91.023
[4,    5] loss: 83.654
[4,    6] loss: 70.289
[4,    7] loss: 48.391
[4,    8] loss: 46.870
[4,    9] loss: 105.723
[4,   10] loss: 76.936
[4,   11] loss: 53.458
[4,   12] loss: 68.687
[4,   13] loss: 72.844
[4,   14] loss: 41.876
[4,   15] loss: 43.557
[4,   16] loss: 56.806
[4,   17] loss: 53.343
[4,   18] loss: 43.290
[4,   19] loss: 28.190
[4,   20] loss: 39.943
[4,   21] loss: 24.369
[4,   22] loss: 47.538
4
[5,    1] loss: 54.987
[5,    2] loss: 18.745
[5,    3] loss: 33.643
[5,    4] loss: 42.466
[5,    5] loss: 27.980
[5,    6] loss: 22.777
[5,    7] loss: 28.791
[5,    8] loss: 28.263
[5,    9] loss: 35.431
[5,   10] loss: 57.407
[5,   11] loss: 41.132
[5,   12] loss: 45.825
[5,   13] loss: 28.091
[5,   14] loss: 24.865
[5,   15] loss: 46.452
[5,   16] loss: 22.251
[5,   17] loss: 37.429
[5,   18] loss: 11.201
[5,   19] loss: 21.590
[5,   20] loss: 20.926
[5,   21] loss: 26.118
[5,   22] loss: 28.899
5
[6,    1] loss: 26.831
[6,    2] loss: 31.559
[6,    3] loss: 25.478
[6,    4] loss: 31.425
[6,    5] loss: 23.666
[6,    6] loss: 24.862
[6,    7] loss: 17.718
[6,    8] loss: 17.193
[6,    9] loss: 21.771
[6,   10] loss: 16.371
[6,   11] loss: 21.663
[6,   12] loss: 37.114
[6,   13] loss: 22.332
[6,   14] loss: 33.341
[6,   15] loss: 34.695
[6,   16] loss: 15.751
[6,   17] loss: 12.820
[6,   18] loss: 20.167
[6,   19] loss: 20.003
[6,   20] loss: 31.131
[6,   21] loss: 24.640
[6,   22] loss: 15.300
6
[7,    1] loss: 18.287
[7,    2] loss: 13.123
[7,    3] loss: 14.817
[7,    4] loss: 9.694
[7,    5] loss: 23.068
[7,    6] loss: 21.264
[7,    7] loss: 19.686
[7,    8] loss: 26.939
[7,    9] loss: 36.245
[7,   10] loss: 19.996
[7,   11] loss: 16.547
[7,   12] loss: 21.456
[7,   13] loss: 14.549
[7,   14] loss: 18.532
[7,   15] loss: 21.956
[7,   16] loss: 10.555
[7,   17] loss: 19.160
[7,   18] loss: 18.613
[7,   19] loss: 22.761
[7,   20] loss: 28.227
[7,   21] loss: 15.449
[7,   22] loss: 13.275
7
[8,    1] loss: 20.966
[8,    2] loss: 8.411
[8,    3] loss: 26.038
[8,    4] loss: 14.894
[8,    5] loss: 7.609
[8,    6] loss: 12.035
[8,    7] loss: 17.564
[8,    8] loss: 16.579
[8,    9] loss: 12.794
[8,   10] loss: 17.060
[8,   11] loss: 23.768
[8,   12] loss: 14.515
[8,   13] loss: 20.083
[8,   14] loss: 17.115
[8,   15] loss: 21.476
[8,   16] loss: 7.185
[8,   17] loss: 20.340
[8,   18] loss: 13.052
[8,   19] loss: 6.501
[8,   20] loss: 18.584
[8,   21] loss: 17.168
[8,   22] loss: 26.319
8
[9,    1] loss: 8.752
[9,    2] loss: 12.096
[9,    3] loss: 22.862
[9,    4] loss: 16.181
[9,    5] loss: 15.572
[9,    6] loss: 18.431
[9,    7] loss: 10.409
[9,    8] loss: 12.732
[9,    9] loss: 13.172
[9,   10] loss: 7.834
[9,   11] loss: 8.242
[9,   12] loss: 16.091
[9,   13] loss: 12.018
[9,   14] loss: 4.556
[9,   15] loss: 19.910
[9,   16] loss: 10.150
[9,   17] loss: 13.702
[9,   18] loss: 16.489
[9,   19] loss: 23.206
[9,   20] loss: 16.162
[9,   21] loss: 20.042
[9,   22] loss: 13.597
9
[10,    1] loss: 16.261
[10,    2] loss: 12.059
[10,    3] loss: 18.135
[10,    4] loss: 17.074
[10,    5] loss: 11.126
[10,    6] loss: 11.880
[10,    7] loss: 9.485
[10,    8] loss: 9.711
[10,    9] loss: 6.622
[10,   10] loss: 13.680
[10,   11] loss: 8.641
[10,   12] loss: 13.005
[10,   13] loss: 11.818
[10,   14] loss: 15.698
[10,   15] loss: 8.498
[10,   16] loss: 8.542
[10,   17] loss: 8.651
[10,   18] loss: 14.395
[10,   19] loss: 14.048
[10,   20] loss: 15.276
[10,   21] loss: 21.830
[10,   22] loss: 7.852
10
[11,    1] loss: 9.771
[11,    2] loss: 19.347
[11,    3] loss: 15.501
[11,    4] loss: 9.726
[11,    5] loss: 10.873
[11,    6] loss: 7.437
[11,    7] loss: 7.123
[11,    8] loss: 16.825
[11,    9] loss: 12.775
[11,   10] loss: 9.781
[11,   11] loss: 12.101
[11,   12] loss: 11.702
[11,   13] loss: 2.927
[11,   14] loss: 4.492
[11,   15] loss: 18.662
[11,   16] loss: 12.416
[11,   17] loss: 6.368
[11,   18] loss: 5.156
[11,   19] loss: 7.194
[11,   20] loss: 13.562
[11,   21] loss: 16.594
[11,   22] loss: 11.394
11
[12,    1] loss: 17.581
[12,    2] loss: 5.085
[12,    3] loss: 5.855
[12,    4] loss: 10.114
[12,    5] loss: 5.240
[12,    6] loss: 5.669
[12,    7] loss: 13.347
[12,    8] loss: 15.616
[12,    9] loss: 16.525
[12,   10] loss: 6.275
[12,   11] loss: 10.627
[12,   12] loss: 10.010
[12,   13] loss: 12.369
[12,   14] loss: 10.664
[12,   15] loss: 7.551
[12,   16] loss: 7.063
[12,   17] loss: 9.939
[12,   18] loss: 10.320
[12,   19] loss: 9.397
[12,   20] loss: 6.574
[12,   21] loss: 9.700
[12,   22] loss: 7.680
12
[13,    1] loss: 12.800
[13,    2] loss: 9.795
[13,    3] loss: 13.404
[13,    4] loss: 7.824
[13,    5] loss: 7.723
[13,    6] loss: 11.310
[13,    7] loss: 9.594
[13,    8] loss: 10.811
[13,    9] loss: 6.874
[13,   10] loss: 7.186
[13,   11] loss: 5.282
[13,   12] loss: 6.684
[13,   13] loss: 7.955
[13,   14] loss: 5.281
[13,   15] loss: 11.593
[13,   16] loss: 9.082
[13,   17] loss: 8.106
[13,   18] loss: 7.490
[13,   19] loss: 5.459
[13,   20] loss: 7.763
[13,   21] loss: 6.723
[13,   22] loss: 9.341
13
[14,    1] loss: 9.844
[14,    2] loss: 8.143
[14,    3] loss: 8.506
[14,    4] loss: 5.995
[14,    5] loss: 11.268
[14,    6] loss: 3.632
[14,    7] loss: 8.486
[14,    8] loss: 6.281
[14,    9] loss: 5.620
[14,   10] loss: 6.026
[14,   11] loss: 8.727
[14,   12] loss: 13.538
[14,   13] loss: 8.538
[14,   14] loss: 8.733
[14,   15] loss: 5.212
[14,   16] loss: 3.012
[14,   17] loss: 9.418
[14,   18] loss: 7.708
[14,   19] loss: 7.626
[14,   20] loss: 5.265
[14,   21] loss: 6.966
[14,   22] loss: 5.676
14
[15,    1] loss: 7.749
[15,    2] loss: 8.881
[15,    3] loss: 5.021
[15,    4] loss: 8.430
[15,    5] loss: 7.272
[15,    6] loss: 5.473
[15,    7] loss: 4.664
[15,    8] loss: 7.632
[15,    9] loss: 4.532
[15,   10] loss: 4.683
[15,   11] loss: 6.959
[15,   12] loss: 8.445
[15,   13] loss: 4.617
[15,   14] loss: 5.078
[15,   15] loss: 8.100
[15,   16] loss: 7.037
[15,   17] loss: 4.351
[15,   18] loss: 9.604
[15,   19] loss: 3.964
[15,   20] loss: 7.971
[15,   21] loss: 2.380
[15,   22] loss: 11.108
15
[16,    1] loss: 6.190
[16,    2] loss: 5.771
[16,    3] loss: 4.126
