0
[1,    1] loss: 1104.696
[1,    2] loss: 399.652
[1,    3] loss: 98.587
[1,    4] loss: 17.732
[1,    5] loss: 76.682
[1,    6] loss: 199.313
[1,    7] loss: 218.378
[1,    8] loss: 238.031
[1,    9] loss: 165.798
[1,   10] loss: 120.094
[1,   11] loss: 54.407
[1,   12] loss: 19.090
[1,   13] loss: 4.485
[1,   14] loss: 14.559
[1,   15] loss: 25.825
[1,   16] loss: 50.065
[1,   17] loss: 66.346
[1,   18] loss: 72.964
[1,   19] loss: 69.081
[1,   20] loss: 35.161
[1,   21] loss: 21.778
[1,   22] loss: 7.684
1
[2,    1] loss: 0.896
[2,    2] loss: 4.338
[2,    3] loss: 10.315
[2,    4] loss: 19.556
[2,    5] loss: 24.339
[2,    6] loss: 22.136
[2,    7] loss: 20.243
[2,    8] loss: 11.243
[2,    9] loss: 5.394
[2,   10] loss: 1.938
[2,   11] loss: 0.372
[2,   12] loss: 2.363
[2,   13] loss: 4.723
[2,   14] loss: 7.193
[2,   15] loss: 10.710
[2,   16] loss: 9.676
[2,   17] loss: 6.025
[2,   18] loss: 3.235
[2,   19] loss: 0.765
[2,   20] loss: 0.832
[2,   21] loss: 1.023
[2,   22] loss: 2.325
2
[3,    1] loss: 3.283
[3,    2] loss: 4.733
[3,    3] loss: 4.036
[3,    4] loss: 3.196
[3,    5] loss: 1.921
[3,    6] loss: 0.757
[3,    7] loss: 0.369
[3,    8] loss: 0.407
[3,    9] loss: 1.112
[3,   10] loss: 1.370
[3,   11] loss: 1.725
[3,   12] loss: 1.094
[3,   13] loss: 1.149
[3,   14] loss: 1.233
[3,   15] loss: 0.333
[3,   16] loss: 0.204
[3,   17] loss: 0.449
[3,   18] loss: 0.869
[3,   19] loss: 0.908
[3,   20] loss: 0.933
[3,   21] loss: 0.780
[3,   22] loss: 0.506
3
[4,    1] loss: 0.227
[4,    2] loss: 0.142
[4,    3] loss: 0.196
[4,    4] loss: 0.386
[4,    5] loss: 0.518
[4,    6] loss: 1.217
[4,    7] loss: 0.491
[4,    8] loss: 0.159
[4,    9] loss: 0.211
[4,   10] loss: 0.148
[4,   11] loss: 0.326
[4,   12] loss: 0.492
[4,   13] loss: 0.484
[4,   14] loss: 0.373
[4,   15] loss: 0.597
[4,   16] loss: 0.196
[4,   17] loss: 0.165
[4,   18] loss: 0.070
[4,   19] loss: 0.138
[4,   20] loss: 0.607
[4,   21] loss: 0.154
[4,   22] loss: 0.212
4
[5,    1] loss: 0.189
[5,    2] loss: 0.082
[5,    3] loss: 0.284
[5,    4] loss: 0.180
[5,    5] loss: 0.262
[5,    6] loss: 0.144
[5,    7] loss: 0.151
[5,    8] loss: 0.203
[5,    9] loss: 0.124
[5,   10] loss: 0.326
[5,   11] loss: 0.094
[5,   12] loss: 0.206
[5,   13] loss: 0.165
[5,   14] loss: 0.061
[5,   15] loss: 0.110
[5,   16] loss: 0.081
[5,   17] loss: 0.375
[5,   18] loss: 0.096
[5,   19] loss: 0.203
[5,   20] loss: 0.097
[5,   21] loss: 0.063
[5,   22] loss: 0.193
5
[6,    1] loss: 0.133
[6,    2] loss: 0.308
[6,    3] loss: 0.059
[6,    4] loss: 0.120
[6,    5] loss: 0.142
[6,    6] loss: 0.275
[6,    7] loss: 0.138
[6,    8] loss: 0.079
[6,    9] loss: 0.111
[6,   10] loss: 0.056
[6,   11] loss: 0.133
[6,   12] loss: 0.096
[6,   13] loss: 0.057
[6,   14] loss: 0.176
[6,   15] loss: 0.092
[6,   16] loss: 0.160
[6,   17] loss: 0.103
[6,   18] loss: 0.081
[6,   19] loss: 0.149
[6,   20] loss: 0.137
[6,   21] loss: 0.118
[6,   22] loss: 0.123
6
[7,    1] loss: 0.141
[7,    2] loss: 0.275
[7,    3] loss: 0.074
[7,    4] loss: 0.099
[7,    5] loss: 0.122
[7,    6] loss: 0.216
[7,    7] loss: 0.136
[7,    8] loss: 0.085
[7,    9] loss: 0.088
[7,   10] loss: 0.143
[7,   11] loss: 0.188
[7,   12] loss: 0.105
[7,   13] loss: 0.159
[7,   14] loss: 0.063
[7,   15] loss: 0.116
[7,   16] loss: 0.070
[7,   17] loss: 0.096
[7,   18] loss: 0.097
[7,   19] loss: 0.053
[7,   20] loss: 0.062
[7,   21] loss: 0.123
[7,   22] loss: 0.083
7
[8,    1] loss: 0.100
[8,    2] loss: 0.056
[8,    3] loss: 0.182
[8,    4] loss: 0.075
[8,    5] loss: 0.056
[8,    6] loss: 0.152
[8,    7] loss: 0.104
[8,    8] loss: 0.085
[8,    9] loss: 0.121
[8,   10] loss: 0.120
[8,   11] loss: 0.215
[8,   12] loss: 0.090
[8,   13] loss: 0.129
[8,   14] loss: 0.085
[8,   15] loss: 0.056
[8,   16] loss: 0.123
[8,   17] loss: 0.112
[8,   18] loss: 0.109
[8,   19] loss: 0.207
[8,   20] loss: 0.083
[8,   21] loss: 0.058
[8,   22] loss: 0.093
8
[9,    1] loss: 0.197
[9,    2] loss: 0.179
[9,    3] loss: 0.051
[9,    4] loss: 0.072
[9,    5] loss: 0.095
[9,    6] loss: 0.114
[9,    7] loss: 0.095
[9,    8] loss: 0.061
[9,    9] loss: 0.107
[9,   10] loss: 0.075
[9,   11] loss: 0.169
[9,   12] loss: 0.091
[9,   13] loss: 0.094
[9,   14] loss: 0.126
[9,   15] loss: 0.057
[9,   16] loss: 0.067
[9,   17] loss: 0.093
[9,   18] loss: 0.080
[9,   19] loss: 0.077
[9,   20] loss: 0.094
[9,   21] loss: 0.143
[9,   22] loss: 0.121
9
[10,    1] loss: 0.089
[10,    2] loss: 0.131
[10,    3] loss: 0.058
[10,    4] loss: 0.113
[10,    5] loss: 0.103
[10,    6] loss: 0.086
[10,    7] loss: 0.071
[10,    8] loss: 0.080
[10,    9] loss: 0.080
[10,   10] loss: 0.076
[10,   11] loss: 0.100
[10,   12] loss: 0.186
[10,   13] loss: 0.084
[10,   14] loss: 0.059
[10,   15] loss: 0.108
[10,   16] loss: 0.151
[10,   17] loss: 0.064
[10,   18] loss: 0.088
[10,   19] loss: 0.149
[10,   20] loss: 0.046
[10,   21] loss: 0.094
[10,   22] loss: 0.129
10
[11,    1] loss: 0.066
[11,    2] loss: 0.084
[11,    3] loss: 0.168
[11,    4] loss: 0.081
[11,    5] loss: 0.080
[11,    6] loss: 0.155
[11,    7] loss: 0.077
[11,    8] loss: 0.090
[11,    9] loss: 0.070
[11,   10] loss: 0.111
[11,   11] loss: 0.096
[11,   12] loss: 0.100
[11,   13] loss: 0.114
[11,   14] loss: 0.085
[11,   15] loss: 0.092
[11,   16] loss: 0.060
[11,   17] loss: 0.054
[11,   18] loss: 0.072
[11,   19] loss: 0.131
[11,   20] loss: 0.090
[11,   21] loss: 0.112
[11,   22] loss: 0.074
11
[12,    1] loss: 0.083
[12,    2] loss: 0.093
[12,    3] loss: 0.109
[12,    4] loss: 0.103
[12,    5] loss: 0.066
[12,    6] loss: 0.067
[12,    7] loss: 0.166
[12,    8] loss: 0.157
[12,    9] loss: 0.099
[12,   10] loss: 0.078
[12,   11] loss: 0.138
[12,   12] loss: 0.072
[12,   13] loss: 0.070
[12,   14] loss: 0.083
[12,   15] loss: 0.070
[12,   16] loss: 0.058
[12,   17] loss: 0.083
[12,   18] loss: 0.089
[12,   19] loss: 0.076
[12,   20] loss: 0.086
[12,   21] loss: 0.090
[12,   22] loss: 0.088
12
[13,    1] loss: 0.086
[13,    2] loss: 0.116
[13,    3] loss: 0.055
[13,    4] loss: 0.088
[13,    5] loss: 0.060
[13,    6] loss: 0.067
[13,    7] loss: 0.067
[13,    8] loss: 0.059
[13,    9] loss: 0.117
[13,   10] loss: 0.097
[13,   11] loss: 0.102
[13,   12] loss: 0.071
[13,   13] loss: 0.064
[13,   14] loss: 0.124
[13,   15] loss: 0.071
[13,   16] loss: 0.088
[13,   17] loss: 0.142
[13,   18] loss: 0.064
[13,   19] loss: 0.161
[13,   20] loss: 0.080
[13,   21] loss: 0.126
[13,   22] loss: 0.090
13
[14,    1] loss: 0.097
[14,    2] loss: 0.084
[14,    3] loss: 0.133
[14,    4] loss: 0.085
[14,    5] loss: 0.069
[14,    6] loss: 0.056
[14,    7] loss: 0.077
[14,    8] loss: 0.061
[14,    9] loss: 0.084
[14,   10] loss: 0.106
[14,   11] loss: 0.112
[14,   12] loss: 0.128
[14,   13] loss: 0.084
[14,   14] loss: 0.089
[14,   15] loss: 0.068
[14,   16] loss: 0.102
[14,   17] loss: 0.075
[14,   18] loss: 0.050
[14,   19] loss: 0.092
[14,   20] loss: 0.065
[14,   21] loss: 0.114
[14,   22] loss: 0.097
14
[15,    1] loss: 0.088
[15,    2] loss: 0.094
[15,    3] loss: 0.068
[15,    4] loss: 0.117
[15,    5] loss: 0.083
[15,    6] loss: 0.075
[15,    7] loss: 0.103
[15,    8] loss: 0.091
[15,    9] loss: 0.063
[15,   10] loss: 0.063
[15,   11] loss: 0.073
[15,   12] loss: 0.091
[15,   13] loss: 0.140
[15,   14] loss: 0.038
[15,   15] loss: 0.120
[15,   16] loss: 0.096
[15,   17] loss: 0.069
[15,   18] loss: 0.061
[15,   19] loss: 0.086
[15,   20] loss: 0.066
[15,   21] loss: 0.082
[15,   22] loss: 0.085
15
[16,    1] loss: 0.064
[16,    2] loss: 0.084
[16,    3] loss: 0.096
[16,    4] loss: 0.066
[16,    5] loss: 0.097
[16,    6] loss: 0.061
[16,    7] loss: 0.084
[16,    8] loss: 0.057
[16,    9] loss: 0.047
[16,   10] loss: 0.083
[16,   11] loss: 0.083
[16,   12] loss: 0.133
[16,   13] loss: 0.063
[16,   14] loss: 0.118
[16,   15] loss: 0.086
[16,   16] loss: 0.102
[16,   17] loss: 0.075
[16,   18] loss: 0.105
[16,   19] loss: 0.062
[16,   20] loss: 0.135
[16,   21] loss: 0.063
[16,   22] loss: 0.102
16
[17,    1] loss: 0.071
[17,    2] loss: 0.135
[17,    3] loss: 0.033
[17,    4] loss: 0.063
[17,    5] loss: 0.147
[17,    6] loss: 0.093
[17,    7] loss: 0.080
[17,    8] loss: 0.094
[17,    9] loss: 0.079
[17,   10] loss: 0.064
[17,   11] loss: 0.082
[17,   12] loss: 0.099
[17,   13] loss: 0.103
[17,   14] loss: 0.120
[17,   15] loss: 0.091
[17,   16] loss: 0.067
[17,   17] loss: 0.080
[17,   18] loss: 0.073
[17,   19] loss: 0.051
[17,   20] loss: 0.079
[17,   21] loss: 0.087
[17,   22] loss: 0.024
17
[18,    1] loss: 0.105
[18,    2] loss: 0.084
[18,    3] loss: 0.052
[18,    4] loss: 0.080
[18,    5] loss: 0.074
[18,    6] loss: 0.080
[18,    7] loss: 0.093
[18,    8] loss: 0.041
[18,    9] loss: 0.105
[18,   10] loss: 0.069
[18,   11] loss: 0.075
[18,   12] loss: 0.081
[18,   13] loss: 0.085
[18,   14] loss: 0.069
[18,   15] loss: 0.062
[18,   16] loss: 0.116
[18,   17] loss: 0.087
[18,   18] loss: 0.086
[18,   19] loss: 0.077
[18,   20] loss: 0.089
[18,   21] loss: 0.113
[18,   22] loss: 0.070
18
[19,    1] loss: 0.113
[19,    2] loss: 0.088
[19,    3] loss: 0.097
[19,    4] loss: 0.096
[19,    5] loss: 0.066
[19,    6] loss: 0.068
[19,    7] loss: 0.104
[19,    8] loss: 0.104
[19,    9] loss: 0.078
[19,   10] loss: 0.054
[19,   11] loss: 0.054
[19,   12] loss: 0.081
[19,   13] loss: 0.111
[19,   14] loss: 0.074
[19,   15] loss: 0.095
[19,   16] loss: 0.084
[19,   17] loss: 0.075
[19,   18] loss: 0.086
[19,   19] loss: 0.084
[19,   20] loss: 0.053
[19,   21] loss: 0.117
[19,   22] loss: 0.145
19
[20,    1] loss: 0.106
[20,    2] loss: 0.085
[20,    3] loss: 0.095
[20,    4] loss: 0.070
[20,    5] loss: 0.115
[20,    6] loss: 0.075
[20,    7] loss: 0.067
[20,    8] loss: 0.075
[20,    9] loss: 0.094
[20,   10] loss: 0.110
[20,   11] loss: 0.068
[20,   12] loss: 0.088
[20,   13] loss: 0.072
[20,   14] loss: 0.065
[20,   15] loss: 0.163
[20,   16] loss: 0.093
[20,   17] loss: 0.063
[20,   18] loss: 0.054
[20,   19] loss: 0.060
[20,   20] loss: 0.056
[20,   21] loss: 0.080
[20,   22] loss: 0.044
20
[21,    1] loss: 0.097
[21,    2] loss: 0.043
[21,    3] loss: 0.099
[21,    4] loss: 0.089
[21,    5] loss: 0.069
[21,    6] loss: 0.071
[21,    7] loss: 0.075
[21,    8] loss: 0.056
[21,    9] loss: 0.058
[21,   10] loss: 0.087
[21,   11] loss: 0.100
[21,   12] loss: 0.057
[21,   13] loss: 0.043
[21,   14] loss: 0.081
[21,   15] loss: 0.115
[21,   16] loss: 0.059
[21,   17] loss: 0.080
[21,   18] loss: 0.076
[21,   19] loss: 0.113
[21,   20] loss: 0.059
[21,   21] loss: 0.076
[21,   22] loss: 0.117
21
[22,    1] loss: 0.115
[22,    2] loss: 0.127
[22,    3] loss: 0.097
[22,    4] loss: 0.056
[22,    5] loss: 0.081
[22,    6] loss: 0.086
[22,    7] loss: 0.078
[22,    8] loss: 0.110
[22,    9] loss: 0.092
[22,   10] loss: 0.051
[22,   11] loss: 0.122
[22,   12] loss: 0.083
[22,   13] loss: 0.049
[22,   14] loss: 0.059
[22,   15] loss: 0.041
[22,   16] loss: 0.059
[22,   17] loss: 0.109
[22,   18] loss: 0.060
[22,   19] loss: 0.087
[22,   20] loss: 0.055
[22,   21] loss: 0.064
[22,   22] loss: 0.084
22
[23,    1] loss: 0.079
[23,    2] loss: 0.058
[23,    3] loss: 0.080
[23,    4] loss: 0.100
[23,    5] loss: 0.072
[23,    6] loss: 0.055
[23,    7] loss: 0.058
[23,    8] loss: 0.038
[23,    9] loss: 0.098
[23,   10] loss: 0.074
[23,   11] loss: 0.076
[23,   12] loss: 0.088
[23,   13] loss: 0.061
[23,   14] loss: 0.041
[23,   15] loss: 0.082
[23,   16] loss: 0.070
[23,   17] loss: 0.077
[23,   18] loss: 0.065
[23,   19] loss: 0.099
[23,   20] loss: 0.087
[23,   21] loss: 0.093
[23,   22] loss: 0.059
23
[24,    1] loss: 0.103
[24,    2] loss: 0.046
[24,    3] loss: 0.077
[24,    4] loss: 0.093
[24,    5] loss: 0.078
[24,    6] loss: 0.072
[24,    7] loss: 0.095
[24,    8] loss: 0.079
[24,    9] loss: 0.077
[24,   10] loss: 0.085
[24,   11] loss: 0.033
[24,   12] loss: 0.082
[24,   13] loss: 0.106
[24,   14] loss: 0.062
[24,   15] loss: 0.059
[24,   16] loss: 0.067
[24,   17] loss: 0.072
[24,   18] loss: 0.065
[24,   19] loss: 0.074
[24,   20] loss: 0.098
[24,   21] loss: 0.073
[24,   22] loss: 0.055
24
[25,    1] loss: 0.074
[25,    2] loss: 0.071
[25,    3] loss: 0.085
[25,    4] loss: 0.115
[25,    5] loss: 0.088
[25,    6] loss: 0.065
[25,    7] loss: 0.074
[25,    8] loss: 0.083
[25,    9] loss: 0.073
[25,   10] loss: 0.082
[25,   11] loss: 0.068
[25,   12] loss: 0.054
[25,   13] loss: 0.082
[25,   14] loss: 0.054
[25,   15] loss: 0.071
[25,   16] loss: 0.074
[25,   17] loss: 0.068
[25,   18] loss: 0.110
[25,   19] loss: 0.063
[25,   20] loss: 0.078
[25,   21] loss: 0.089
[25,   22] loss: 0.119
25
[26,    1] loss: 0.066
[26,    2] loss: 0.048
[26,    3] loss: 0.088
[26,    4] loss: 0.080
[26,    5] loss: 0.093
[26,    6] loss: 0.064
[26,    7] loss: 0.068
[26,    8] loss: 0.080
[26,    9] loss: 0.101
[26,   10] loss: 0.052
[26,   11] loss: 0.059
[26,   12] loss: 0.113
[26,   13] loss: 0.093
[26,   14] loss: 0.082
[26,   15] loss: 0.072
[26,   16] loss: 0.090
[26,   17] loss: 0.071
[26,   18] loss: 0.084
[26,   19] loss: 0.078
[26,   20] loss: 0.054
[26,   21] loss: 0.052
[26,   22] loss: 0.062
26
[27,    1] loss: 0.073
[27,    2] loss: 0.052
[27,    3] loss: 0.085
[27,    4] loss: 0.076
[27,    5] loss: 0.068
[27,    6] loss: 0.062
[27,    7] loss: 0.058
[27,    8] loss: 0.068
[27,    9] loss: 0.101
[27,   10] loss: 0.063
[27,   11] loss: 0.078
[27,   12] loss: 0.099
[27,   13] loss: 0.094
[27,   14] loss: 0.072
[27,   15] loss: 0.070
[27,   16] loss: 0.083
[27,   17] loss: 0.059
[27,   18] loss: 0.083
[27,   19] loss: 0.081
[27,   20] loss: 0.069
[27,   21] loss: 0.062
[27,   22] loss: 0.068
27
[28,    1] loss: 0.058
[28,    2] loss: 0.080
[28,    3] loss: 0.079
[28,    4] loss: 0.043
[28,    5] loss: 0.080
[28,    6] loss: 0.060
[28,    7] loss: 0.072
[28,    8] loss: 0.083
[28,    9] loss: 0.045
[28,   10] loss: 0.093
[28,   11] loss: 0.062
[28,   12] loss: 0.108
[28,   13] loss: 0.100
[28,   14] loss: 0.096
[28,   15] loss: 0.051
[28,   16] loss: 0.047
[28,   17] loss: 0.094
[28,   18] loss: 0.072
[28,   19] loss: 0.090
[28,   20] loss: 0.111
[28,   21] loss: 0.060
[28,   22] loss: 0.080
28
[29,    1] loss: 0.072
[29,    2] loss: 0.072
[29,    3] loss: 0.072
[29,    4] loss: 0.055
[29,    5] loss: 0.059
[29,    6] loss: 0.078
[29,    7] loss: 0.088
[29,    8] loss: 0.060
[29,    9] loss: 0.105
[29,   10] loss: 0.049
[29,   11] loss: 0.071
[29,   12] loss: 0.079
[29,   13] loss: 0.066
[29,   14] loss: 0.070
[29,   15] loss: 0.051
[29,   16] loss: 0.067
[29,   17] loss: 0.072
[29,   18] loss: 0.111
[29,   19] loss: 0.059
[29,   20] loss: 0.103
[29,   21] loss: 0.101
[29,   22] loss: 0.060
29
[30,    1] loss: 0.049
[30,    2] loss: 0.084
[30,    3] loss: 0.105
[30,    4] loss: 0.094
[30,    5] loss: 0.068
[30,    6] loss: 0.092
[30,    7] loss: 0.096
[30,    8] loss: 0.090
[30,    9] loss: 0.069
[30,   10] loss: 0.075
[30,   11] loss: 0.073
[30,   12] loss: 0.057
[30,   13] loss: 0.059
[30,   14] loss: 0.041
[30,   15] loss: 0.070
[30,   16] loss: 0.090
[30,   17] loss: 0.109
[30,   18] loss: 0.086
[30,   19] loss: 0.074
[30,   20] loss: 0.090
[30,   21] loss: 0.094
[30,   22] loss: 0.071
30
[31,    1] loss: 0.055
[31,    2] loss: 0.105
[31,    3] loss: 0.082
[31,    4] loss: 0.129
[31,    5] loss: 0.050
[31,    6] loss: 0.084
[31,    7] loss: 0.097
[31,    8] loss: 0.073
[31,    9] loss: 0.057
[31,   10] loss: 0.112
[31,   11] loss: 0.086
[31,   12] loss: 0.148
[31,   13] loss: 0.078
[31,   14] loss: 0.122
[31,   15] loss: 0.063
[31,   16] loss: 0.052
[31,   17] loss: 0.097
[31,   18] loss: 0.106
[31,   19] loss: 0.063
[31,   20] loss: 0.061
[31,   21] loss: 0.090
[31,   22] loss: 0.100
31
[32,    1] loss: 0.055
[32,    2] loss: 0.056
[32,    3] loss: 0.084
[32,    4] loss: 0.058
[32,    5] loss: 0.080
[32,    6] loss: 0.108
[32,    7] loss: 0.095
[32,    8] loss: 0.066
[32,    9] loss: 0.085
[32,   10] loss: 0.057
[32,   11] loss: 0.103
[32,   12] loss: 0.057
[32,   13] loss: 0.073
[32,   14] loss: 0.071
[32,   15] loss: 0.056
[32,   16] loss: 0.065
[32,   17] loss: 0.074
[32,   18] loss: 0.087
[32,   19] loss: 0.041
[32,   20] loss: 0.043
[32,   21] loss: 0.077
[32,   22] loss: 0.086
32
[33,    1] loss: 0.051
[33,    2] loss: 0.061
[33,    3] loss: 0.086
[33,    4] loss: 0.078
[33,    5] loss: 0.052
[33,    6] loss: 0.058
[33,    7] loss: 0.047
[33,    8] loss: 0.071
[33,    9] loss: 0.075
[33,   10] loss: 0.041
[33,   11] loss: 0.077
[33,   12] loss: 0.092
[33,   13] loss: 0.085
[33,   14] loss: 0.072
[33,   15] loss: 0.064
[33,   16] loss: 0.075
[33,   17] loss: 0.049
[33,   18] loss: 0.088
[33,   19] loss: 0.066
[33,   20] loss: 0.044
[33,   21] loss: 0.061
[33,   22] loss: 0.044
33
[34,    1] loss: 0.076
[34,    2] loss: 0.050
[34,    3] loss: 0.073
[34,    4] loss: 0.067
[34,    5] loss: 0.042
[34,    6] loss: 0.067
[34,    7] loss: 0.063
[34,    8] loss: 0.105
[34,    9] loss: 0.056
[34,   10] loss: 0.063
[34,   11] loss: 0.051
[34,   12] loss: 0.049
[34,   13] loss: 0.080
[34,   14] loss: 0.068
[34,   15] loss: 0.059
[34,   16] loss: 0.073
[34,   17] loss: 0.099
[34,   18] loss: 0.053
[34,   19] loss: 0.078
[34,   20] loss: 0.083
[34,   21] loss: 0.080
[34,   22] loss: 0.064
34
[35,    1] loss: 0.120
[35,    2] loss: 0.055
[35,    3] loss: 0.069
[35,    4] loss: 0.037
[35,    5] loss: 0.134
[35,    6] loss: 0.076
[35,    7] loss: 0.077
[35,    8] loss: 0.069
[35,    9] loss: 0.098
[35,   10] loss: 0.061
[35,   11] loss: 0.081
[35,   12] loss: 0.086
[35,   13] loss: 0.057
[35,   14] loss: 0.069
[35,   15] loss: 0.093
[35,   16] loss: 0.068
[35,   17] loss: 0.069
[35,   18] loss: 0.065
[35,   19] loss: 0.089
[35,   20] loss: 0.094
[35,   21] loss: 0.056
[35,   22] loss: 0.095
35
[36,    1] loss: 0.064
[36,    2] loss: 0.078
[36,    3] loss: 0.090
[36,    4] loss: 0.071
[36,    5] loss: 0.059
[36,    6] loss: 0.058
[36,    7] loss: 0.047
[36,    8] loss: 0.094
[36,    9] loss: 0.084
[36,   10] loss: 0.072
[36,   11] loss: 0.073
[36,   12] loss: 0.069
[36,   13] loss: 0.053
[36,   14] loss: 0.089
[36,   15] loss: 0.047
[36,   16] loss: 0.076
[36,   17] loss: 0.051
[36,   18] loss: 0.039
[36,   19] loss: 0.063
[36,   20] loss: 0.063
[36,   21] loss: 0.072
[36,   22] loss: 0.054
36
[37,    1] loss: 0.063
[37,    2] loss: 0.077
[37,    3] loss: 0.044
[37,    4] loss: 0.059
[37,    5] loss: 0.072
[37,    6] loss: 0.043
[37,    7] loss: 0.124
[37,    8] loss: 0.072
[37,    9] loss: 0.109
[37,   10] loss: 0.067
[37,   11] loss: 0.058
[37,   12] loss: 0.092
[37,   13] loss: 0.060
[37,   14] loss: 0.060
[37,   15] loss: 0.070
[37,   16] loss: 0.068
[37,   17] loss: 0.107
[37,   18] loss: 0.051
[37,   19] loss: 0.068
[37,   20] loss: 0.069
[37,   21] loss: 0.058
[37,   22] loss: 0.087
37
[38,    1] loss: 0.062
[38,    2] loss: 0.060
[38,    3] loss: 0.050
[38,    4] loss: 0.067
[38,    5] loss: 0.067
[38,    6] loss: 0.080
[38,    7] loss: 0.048
[38,    8] loss: 0.066
[38,    9] loss: 0.140
[38,   10] loss: 0.081
[38,   11] loss: 0.075
[38,   12] loss: 0.167
[38,   13] loss: 0.109
[38,   14] loss: 0.048
[38,   15] loss: 0.110
[38,   16] loss: 0.124
[38,   17] loss: 0.057
[38,   18] loss: 0.054
[38,   19] loss: 0.103
[38,   20] loss: 0.045
[38,   21] loss: 0.127
[38,   22] loss: 0.073
38
[39,    1] loss: 0.085
[39,    2] loss: 0.105
[39,    3] loss: 0.064
[39,    4] loss: 0.071
[39,    5] loss: 0.107
[39,    6] loss: 0.108
[39,    7] loss: 0.076
[39,    8] loss: 0.118
[39,    9] loss: 0.056
[39,   10] loss: 0.095
[39,   11] loss: 0.080
[39,   12] loss: 0.059
[39,   13] loss: 0.074
[39,   14] loss: 0.097
[39,   15] loss: 0.047
[39,   16] loss: 0.087
[39,   17] loss: 0.042
[39,   18] loss: 0.047
[39,   19] loss: 0.069
[39,   20] loss: 0.082
[39,   21] loss: 0.055
[39,   22] loss: 0.054
39
[40,    1] loss: 0.063
[40,    2] loss: 0.097
[40,    3] loss: 0.074
[40,    4] loss: 0.095
[40,    5] loss: 0.067
[40,    6] loss: 0.063
[40,    7] loss: 0.056
[40,    8] loss: 0.065
[40,    9] loss: 0.040
[40,   10] loss: 0.074
[40,   11] loss: 0.040
[40,   12] loss: 0.100
[40,   13] loss: 0.071
[40,   14] loss: 0.095
[40,   15] loss: 0.109
[40,   16] loss: 0.056
[40,   17] loss: 0.065
[40,   18] loss: 0.089
[40,   19] loss: 0.069
[40,   20] loss: 0.056
[40,   21] loss: 0.097
[40,   22] loss: 0.090
40
[41,    1] loss: 0.079
[41,    2] loss: 0.058
[41,    3] loss: 0.072
[41,    4] loss: 0.061
[41,    5] loss: 0.086
[41,    6] loss: 0.039
[41,    7] loss: 0.068
[41,    8] loss: 0.062
[41,    9] loss: 0.054
[41,   10] loss: 0.066
[41,   11] loss: 0.038
[41,   12] loss: 0.052
[41,   13] loss: 0.066
[41,   14] loss: 0.068
[41,   15] loss: 0.053
[41,   16] loss: 0.070
[41,   17] loss: 0.075
[41,   18] loss: 0.075
[41,   19] loss: 0.062
[41,   20] loss: 0.091
[41,   21] loss: 0.063
[41,   22] loss: 0.066
41
[42,    1] loss: 0.052
[42,    2] loss: 0.065
[42,    3] loss: 0.079
[42,    4] loss: 0.054
[42,    5] loss: 0.047
[42,    6] loss: 0.063
[42,    7] loss: 0.088
[42,    8] loss: 0.077
[42,    9] loss: 0.101
[42,   10] loss: 0.071
[42,   11] loss: 0.053
[42,   12] loss: 0.068
[42,   13] loss: 0.087
[42,   14] loss: 0.060
[42,   15] loss: 0.069
[42,   16] loss: 0.063
[42,   17] loss: 0.071
[42,   18] loss: 0.048
[42,   19] loss: 0.062
[42,   20] loss: 0.057
[42,   21] loss: 0.045
[42,   22] loss: 0.062
42
[43,    1] loss: 0.057
[43,    2] loss: 0.093
[43,    3] loss: 0.050
[43,    4] loss: 0.055
[43,    5] loss: 0.041
[43,    6] loss: 0.066
[43,    7] loss: 0.052
[43,    8] loss: 0.095
[43,    9] loss: 0.092
[43,   10] loss: 0.048
[43,   11] loss: 0.077
[43,   12] loss: 0.071
[43,   13] loss: 0.069
[43,   14] loss: 0.082
[43,   15] loss: 0.075
[43,   16] loss: 0.026
[43,   17] loss: 0.074
[43,   18] loss: 0.087
[43,   19] loss: 0.076
[43,   20] loss: 0.062
[43,   21] loss: 0.061
[43,   22] loss: 0.033
43
[44,    1] loss: 0.066
[44,    2] loss: 0.094
[44,    3] loss: 0.053
[44,    4] loss: 0.063
[44,    5] loss: 0.070
[44,    6] loss: 0.057
[44,    7] loss: 0.065
[44,    8] loss: 0.066
[44,    9] loss: 0.069
[44,   10] loss: 0.071
[44,   11] loss: 0.081
[44,   12] loss: 0.065
[44,   13] loss: 0.098
[44,   14] loss: 0.091
[44,   15] loss: 0.117
[44,   16] loss: 0.077
[44,   17] loss: 0.033
[44,   18] loss: 0.089
[44,   19] loss: 0.098
[44,   20] loss: 0.059
[44,   21] loss: 0.067
[44,   22] loss: 0.089
44
[45,    1] loss: 0.067
[45,    2] loss: 0.086
[45,    3] loss: 0.071
[45,    4] loss: 0.127
[45,    5] loss: 0.101
[45,    6] loss: 0.118
[45,    7] loss: 0.048
[45,    8] loss: 0.037
[45,    9] loss: 0.074
[45,   10] loss: 0.111
[45,   11] loss: 0.065
[45,   12] loss: 0.043
[45,   13] loss: 0.124
[45,   14] loss: 0.050
[45,   15] loss: 0.043
[45,   16] loss: 0.080
[45,   17] loss: 0.082
[45,   18] loss: 0.073
[45,   19] loss: 0.090
[45,   20] loss: 0.090
[45,   21] loss: 0.074
[45,   22] loss: 0.085
45
[46,    1] loss: 0.099
[46,    2] loss: 0.062
[46,    3] loss: 0.068
[46,    4] loss: 0.071
[46,    5] loss: 0.060
[46,    6] loss: 0.058
[46,    7] loss: 0.056
[46,    8] loss: 0.106
[46,    9] loss: 0.042
[46,   10] loss: 0.059
[46,   11] loss: 0.086
[46,   12] loss: 0.047
[46,   13] loss: 0.044
[46,   14] loss: 0.055
[46,   15] loss: 0.058
[46,   16] loss: 0.083
[46,   17] loss: 0.050
[46,   18] loss: 0.093
[46,   19] loss: 0.061
[46,   20] loss: 0.063
[46,   21] loss: 0.093
[46,   22] loss: 0.069
46
[47,    1] loss: 0.061
[47,    2] loss: 0.063
[47,    3] loss: 0.053
[47,    4] loss: 0.064
[47,    5] loss: 0.084
[47,    6] loss: 0.064
[47,    7] loss: 0.091
[47,    8] loss: 0.077
[47,    9] loss: 0.058
[47,   10] loss: 0.043
[47,   11] loss: 0.133
[47,   12] loss: 0.052
[47,   13] loss: 0.068
[47,   14] loss: 0.093
[47,   15] loss: 0.065
[47,   16] loss: 0.051
[47,   17] loss: 0.087
[47,   18] loss: 0.076
[47,   19] loss: 0.052
[47,   20] loss: 0.065
[47,   21] loss: 0.101
[47,   22] loss: 0.052
47
[48,    1] loss: 0.080
[48,    2] loss: 0.047
[48,    3] loss: 0.077
[48,    4] loss: 0.091
[48,    5] loss: 0.073
[48,    6] loss: 0.071
[48,    7] loss: 0.055
[48,    8] loss: 0.051
[48,    9] loss: 0.066
[48,   10] loss: 0.053
[48,   11] loss: 0.059
[48,   12] loss: 0.057
[48,   13] loss: 0.051
[48,   14] loss: 0.051
[48,   15] loss: 0.057
[48,   16] loss: 0.041
[48,   17] loss: 0.111
[48,   18] loss: 0.098
[48,   19] loss: 0.045
[48,   20] loss: 0.175
[48,   21] loss: 0.152
[48,   22] loss: 0.053
48
[49,    1] loss: 0.180
[49,    2] loss: 0.118
[49,    3] loss: 0.034
[49,    4] loss: 0.146
[49,    5] loss: 0.157
[49,    6] loss: 0.063
[49,    7] loss: 0.115
[49,    8] loss: 0.109
[49,    9] loss: 0.054
[49,   10] loss: 0.053
[49,   11] loss: 0.054
[49,   12] loss: 0.146
[49,   13] loss: 0.058
[49,   14] loss: 0.079
[49,   15] loss: 0.071
[49,   16] loss: 0.066
[49,   17] loss: 0.103
[49,   18] loss: 0.085
[49,   19] loss: 0.060
[49,   20] loss: 0.070
[49,   21] loss: 0.112
[49,   22] loss: 0.047
49
[50,    1] loss: 0.070
[50,    2] loss: 0.126
[50,    3] loss: 0.103
[50,    4] loss: 0.089
[50,    5] loss: 0.057
[50,    6] loss: 0.044
[50,    7] loss: 0.042
[50,    8] loss: 0.050
[50,    9] loss: 0.093
[50,   10] loss: 0.074
[50,   11] loss: 0.072
[50,   12] loss: 0.043
[50,   13] loss: 0.066
[50,   14] loss: 0.054
[50,   15] loss: 0.083
[50,   16] loss: 0.084
[50,   17] loss: 0.060
[50,   18] loss: 0.074
[50,   19] loss: 0.050
[50,   20] loss: 0.034
[50,   21] loss: 0.074
[50,   22] loss: 0.065
50
[51,    1] loss: 0.056
[51,    2] loss: 0.084
[51,    3] loss: 0.051
[51,    4] loss: 0.066
[51,    5] loss: 0.067
[51,    6] loss: 0.042
[51,    7] loss: 0.063
[51,    8] loss: 0.093
[51,    9] loss: 0.059
[51,   10] loss: 0.092
[51,   11] loss: 0.059
[51,   12] loss: 0.055
[51,   13] loss: 0.051
[51,   14] loss: 0.095
[51,   15] loss: 0.059
[51,   16] loss: 0.075
[51,   17] loss: 0.085
[51,   18] loss: 0.052
[51,   19] loss: 0.088
[51,   20] loss: 0.119
[51,   21] loss: 0.053
[51,   22] loss: 0.148
51
[52,    1] loss: 0.068
[52,    2] loss: 0.090
[52,    3] loss: 0.054
[52,    4] loss: 0.065
[52,    5] loss: 0.064
[52,    6] loss: 0.069
[52,    7] loss: 0.056
[52,    8] loss: 0.048
[52,    9] loss: 0.052
[52,   10] loss: 0.073
[52,   11] loss: 0.068
[52,   12] loss: 0.054
[52,   13] loss: 0.062
[52,   14] loss: 0.060
[52,   15] loss: 0.057
[52,   16] loss: 0.062
[52,   17] loss: 0.098
[52,   18] loss: 0.044
[52,   19] loss: 0.060
[52,   20] loss: 0.064
[52,   21] loss: 0.087
[52,   22] loss: 0.025
52
[53,    1] loss: 0.114
[53,    2] loss: 0.063
[53,    3] loss: 0.046
[53,    4] loss: 0.108
[53,    5] loss: 0.073
[53,    6] loss: 0.069
[53,    7] loss: 0.066
[53,    8] loss: 0.060
[53,    9] loss: 0.031
[53,   10] loss: 0.077
[53,   11] loss: 0.078
[53,   12] loss: 0.055
[53,   13] loss: 0.055
[53,   14] loss: 0.051
[53,   15] loss: 0.072
[53,   16] loss: 0.082
[53,   17] loss: 0.046
[53,   18] loss: 0.084
[53,   19] loss: 0.046
[53,   20] loss: 0.070
[53,   21] loss: 0.036
[53,   22] loss: 0.028
53
[54,    1] loss: 0.047
[54,    2] loss: 0.051
[54,    3] loss: 0.047
[54,    4] loss: 0.050
[54,    5] loss: 0.048
[54,    6] loss: 0.056
[54,    7] loss: 0.052
[54,    8] loss: 0.053
[54,    9] loss: 0.047
[54,   10] loss: 0.046
[54,   11] loss: 0.067
[54,   12] loss: 0.049
[54,   13] loss: 0.074
[54,   14] loss: 0.065
[54,   15] loss: 0.051
[54,   16] loss: 0.077
[54,   17] loss: 0.079
[54,   18] loss: 0.064
[54,   19] loss: 0.061
[54,   20] loss: 0.083
[54,   21] loss: 0.054
[54,   22] loss: 0.056
54
[55,    1] loss: 0.029
[55,    2] loss: 0.066
[55,    3] loss: 0.071
[55,    4] loss: 0.072
[55,    5] loss: 0.051
[55,    6] loss: 0.068
[55,    7] loss: 0.048
[55,    8] loss: 0.054
[55,    9] loss: 0.074
[55,   10] loss: 0.069
[55,   11] loss: 0.081
[55,   12] loss: 0.060
[55,   13] loss: 0.044
[55,   14] loss: 0.060
[55,   15] loss: 0.060
[55,   16] loss: 0.062
[55,   17] loss: 0.075
[55,   18] loss: 0.072
[55,   19] loss: 0.039
[55,   20] loss: 0.106
[55,   21] loss: 0.030
[55,   22] loss: 0.091
55
[56,    1] loss: 0.073
[56,    2] loss: 0.077
[56,    3] loss: 0.058
[56,    4] loss: 0.069
[56,    5] loss: 0.049
[56,    6] loss: 0.066
[56,    7] loss: 0.073
[56,    8] loss: 0.036
[56,    9] loss: 0.059
[56,   10] loss: 0.036
[56,   11] loss: 0.047
[56,   12] loss: 0.037
[56,   13] loss: 0.054
[56,   14] loss: 0.163
[56,   15] loss: 0.061
[56,   16] loss: 0.093
[56,   17] loss: 0.095
[56,   18] loss: 0.045
[56,   19] loss: 0.078
[56,   20] loss: 0.043
[56,   21] loss: 0.116
[56,   22] loss: 0.056
56
[57,    1] loss: 0.077
[57,    2] loss: 0.054
[57,    3] loss: 0.053
[57,    4] loss: 0.129
[57,    5] loss: 0.062
[57,    6] loss: 0.044
[57,    7] loss: 0.118
[57,    8] loss: 0.064
[57,    9] loss: 0.056
[57,   10] loss: 0.044
[57,   11] loss: 0.073
[57,   12] loss: 0.055
[57,   13] loss: 0.083
[57,   14] loss: 0.041
[57,   15] loss: 0.051
[57,   16] loss: 0.059
[57,   17] loss: 0.065
[57,   18] loss: 0.073
[57,   19] loss: 0.060
[57,   20] loss: 0.062
[57,   21] loss: 0.056
[57,   22] loss: 0.072
57
[58,    1] loss: 0.043
[58,    2] loss: 0.029
[58,    3] loss: 0.063
[58,    4] loss: 0.058
[58,    5] loss: 0.053
[58,    6] loss: 0.071
[58,    7] loss: 0.046
[58,    8] loss: 0.051
[58,    9] loss: 0.046
[58,   10] loss: 0.061
[58,   11] loss: 0.095
[58,   12] loss: 0.054
[58,   13] loss: 0.064
[58,   14] loss: 0.084
[58,   15] loss: 0.072
[58,   16] loss: 0.064
[58,   17] loss: 0.114
[58,   18] loss: 0.068
[58,   19] loss: 0.052
[58,   20] loss: 0.044
[58,   21] loss: 0.056
[58,   22] loss: 0.045
58
[59,    1] loss: 0.066
[59,    2] loss: 0.058
[59,    3] loss: 0.044
[59,    4] loss: 0.045
[59,    5] loss: 0.065
[59,    6] loss: 0.059
[59,    7] loss: 0.055
[59,    8] loss: 0.046
[59,    9] loss: 0.065
[59,   10] loss: 0.068
[59,   11] loss: 0.045
[59,   12] loss: 0.065
[59,   13] loss: 0.053
[59,   14] loss: 0.063
[59,   15] loss: 0.079
[59,   16] loss: 0.082
[59,   17] loss: 0.078
[59,   18] loss: 0.038
[59,   19] loss: 0.070
[59,   20] loss: 0.113
[59,   21] loss: 0.069
[59,   22] loss: 0.105
59
[60,    1] loss: 0.066
[60,    2] loss: 0.077
[60,    3] loss: 0.071
[60,    4] loss: 0.050
[60,    5] loss: 0.088
[60,    6] loss: 0.089
[60,    7] loss: 0.052
[60,    8] loss: 0.130
[60,    9] loss: 0.058
[60,   10] loss: 0.069
[60,   11] loss: 0.044
[60,   12] loss: 0.087
[60,   13] loss: 0.074
[60,   14] loss: 0.053
[60,   15] loss: 0.131
[60,   16] loss: 0.073
[60,   17] loss: 0.119
[60,   18] loss: 0.092
[60,   19] loss: 0.051
[60,   20] loss: 0.077
[60,   21] loss: 0.112
[60,   22] loss: 0.082
60
[61,    1] loss: 0.109
[61,    2] loss: 0.076
[61,    3] loss: 0.090
[61,    4] loss: 0.074
[61,    5] loss: 0.087
[61,    6] loss: 0.054
[61,    7] loss: 0.067
[61,    8] loss: 0.044
[61,    9] loss: 0.069
[61,   10] loss: 0.070
[61,   11] loss: 0.074
[61,   12] loss: 0.095
[61,   13] loss: 0.051
[61,   14] loss: 0.049
[61,   15] loss: 0.046
[61,   16] loss: 0.042
[61,   17] loss: 0.036
[61,   18] loss: 0.069
[61,   19] loss: 0.081
[61,   20] loss: 0.035
[61,   21] loss: 0.071
[61,   22] loss: 0.057
61
[62,    1] loss: 0.040
[62,    2] loss: 0.055
[62,    3] loss: 0.061
[62,    4] loss: 0.072
[62,    5] loss: 0.066
[62,    6] loss: 0.074
[62,    7] loss: 0.083
[62,    8] loss: 0.058
[62,    9] loss: 0.067
[62,   10] loss: 0.050
[62,   11] loss: 0.089
[62,   12] loss: 0.071
[62,   13] loss: 0.045
[62,   14] loss: 0.067
[62,   15] loss: 0.056
[62,   16] loss: 0.060
[62,   17] loss: 0.140
[62,   18] loss: 0.079
[62,   19] loss: 0.106
[62,   20] loss: 0.072
[62,   21] loss: 0.039
[62,   22] loss: 0.106
62
[63,    1] loss: 0.077
[63,    2] loss: 0.053
[63,    3] loss: 0.074
[63,    4] loss: 0.088
[63,    5] loss: 0.048
[63,    6] loss: 0.069
[63,    7] loss: 0.091
[63,    8] loss: 0.046
[63,    9] loss: 0.123
[63,   10] loss: 0.038
[63,   11] loss: 0.102
[63,   12] loss: 0.082
[63,   13] loss: 0.058
[63,   14] loss: 0.067
[63,   15] loss: 0.055
[63,   16] loss: 0.065
[63,   17] loss: 0.064
[63,   18] loss: 0.052
[63,   19] loss: 0.048
[63,   20] loss: 0.076
[63,   21] loss: 0.076
[63,   22] loss: 0.090
63
[64,    1] loss: 0.064
[64,    2] loss: 0.110
[64,    3] loss: 0.056
[64,    4] loss: 0.086
[64,    5] loss: 0.094
[64,    6] loss: 0.060
[64,    7] loss: 0.074
[64,    8] loss: 0.068
[64,    9] loss: 0.070
[64,   10] loss: 0.105
[64,   11] loss: 0.050
[64,   12] loss: 0.071
[64,   13] loss: 0.039
[64,   14] loss: 0.063
[64,   15] loss: 0.046
[64,   16] loss: 0.074
[64,   17] loss: 0.065
[64,   18] loss: 0.072
[64,   19] loss: 0.055
[64,   20] loss: 0.055
[64,   21] loss: 0.051
[64,   22] loss: 0.064
64
[65,    1] loss: 0.058
[65,    2] loss: 0.056
[65,    3] loss: 0.066
[65,    4] loss: 0.067
[65,    5] loss: 0.061
[65,    6] loss: 0.056
[65,    7] loss: 0.044
[65,    8] loss: 0.073
[65,    9] loss: 0.046
[65,   10] loss: 0.046
[65,   11] loss: 0.044
[65,   12] loss: 0.056
[65,   13] loss: 0.084
[65,   14] loss: 0.066
[65,   15] loss: 0.075
[65,   16] loss: 0.075
[65,   17] loss: 0.070
[65,   18] loss: 0.057
[65,   19] loss: 0.046
[65,   20] loss: 0.038
[65,   21] loss: 0.088
[65,   22] loss: 0.075
65
[66,    1] loss: 0.062
[66,    2] loss: 0.072
[66,    3] loss: 0.052
[66,    4] loss: 0.063
[66,    5] loss: 0.070
[66,    6] loss: 0.057
[66,    7] loss: 0.116
[66,    8] loss: 0.059
[66,    9] loss: 0.047
[66,   10] loss: 0.074
[66,   11] loss: 0.045
[66,   12] loss: 0.049
[66,   13] loss: 0.078
[66,   14] loss: 0.036
[66,   15] loss: 0.052
[66,   16] loss: 0.044
[66,   17] loss: 0.055
[66,   18] loss: 0.064
[66,   19] loss: 0.078
[66,   20] loss: 0.054
[66,   21] loss: 0.044
[66,   22] loss: 0.058
66
[67,    1] loss: 0.049
[67,    2] loss: 0.044
[67,    3] loss: 0.052
[67,    4] loss: 0.050
[67,    5] loss: 0.064
[67,    6] loss: 0.077
[67,    7] loss: 0.062
[67,    8] loss: 0.075
[67,    9] loss: 0.048
[67,   10] loss: 0.083
[67,   11] loss: 0.050
[67,   12] loss: 0.043
[67,   13] loss: 0.032
[67,   14] loss: 0.040
[67,   15] loss: 0.052
[67,   16] loss: 0.046
[67,   17] loss: 0.060
[67,   18] loss: 0.062
[67,   19] loss: 0.065
[67,   20] loss: 0.065
[67,   21] loss: 0.047
[67,   22] loss: 0.085
67
[68,    1] loss: 0.060
[68,    2] loss: 0.070
[68,    3] loss: 0.048
[68,    4] loss: 0.035
[68,    5] loss: 0.076
[68,    6] loss: 0.082
[68,    7] loss: 0.112
[68,    8] loss: 0.099
[68,    9] loss: 0.069
[68,   10] loss: 0.041
[68,   11] loss: 0.061
[68,   12] loss: 0.048
[68,   13] loss: 0.043
[68,   14] loss: 0.058
[68,   15] loss: 0.041
[68,   16] loss: 0.083
[68,   17] loss: 0.052
[68,   18] loss: 0.080
[68,   19] loss: 0.061
[68,   20] loss: 0.040
[68,   21] loss: 0.065
[68,   22] loss: 0.074
68
[69,    1] loss: 0.054
[69,    2] loss: 0.081
[69,    3] loss: 0.033
[69,    4] loss: 0.055
[69,    5] loss: 0.067
[69,    6] loss: 0.062
[69,    7] loss: 0.086
[69,    8] loss: 0.082
[69,    9] loss: 0.054
[69,   10] loss: 0.040
[69,   11] loss: 0.056
[69,   12] loss: 0.044
[69,   13] loss: 0.063
[69,   14] loss: 0.061
[69,   15] loss: 0.058
[69,   16] loss: 0.057
[69,   17] loss: 0.052
[69,   18] loss: 0.050
[69,   19] loss: 0.057
[69,   20] loss: 0.036
[69,   21] loss: 0.050
[69,   22] loss: 0.048
69
[70,    1] loss: 0.073
[70,    2] loss: 0.046
[70,    3] loss: 0.060
[70,    4] loss: 0.052
[70,    5] loss: 0.058
[70,    6] loss: 0.099
[70,    7] loss: 0.105
[70,    8] loss: 0.102
[70,    9] loss: 0.038
[70,   10] loss: 0.057
[70,   11] loss: 0.135
[70,   12] loss: 0.042
[70,   13] loss: 0.183
[70,   14] loss: 0.122
[70,   15] loss: 0.140
[70,   16] loss: 0.234
[70,   17] loss: 0.053
[70,   18] loss: 0.192
[70,   19] loss: 0.055
[70,   20] loss: 0.103
[70,   21] loss: 0.120
[70,   22] loss: 0.051
70
[71,    1] loss: 0.044
[71,    2] loss: 0.111
[71,    3] loss: 0.051
[71,    4] loss: 0.043
[71,    5] loss: 0.117
[71,    6] loss: 0.111
[71,    7] loss: 0.063
[71,    8] loss: 0.068
[71,    9] loss: 0.114
[71,   10] loss: 0.039
[71,   11] loss: 0.061
[71,   12] loss: 0.081
[71,   13] loss: 0.080
[71,   14] loss: 0.082
[71,   15] loss: 0.050
[71,   16] loss: 0.076
[71,   17] loss: 0.067
[71,   18] loss: 0.086
[71,   19] loss: 0.048
[71,   20] loss: 0.066
[71,   21] loss: 0.072
[71,   22] loss: 0.065
71
[72,    1] loss: 0.097
[72,    2] loss: 0.059
[72,    3] loss: 0.069
[72,    4] loss: 0.073
[72,    5] loss: 0.059
[72,    6] loss: 0.072
[72,    7] loss: 0.057
[72,    8] loss: 0.044
[72,    9] loss: 0.056
[72,   10] loss: 0.044
[72,   11] loss: 0.075
[72,   12] loss: 0.066
[72,   13] loss: 0.049
[72,   14] loss: 0.055
[72,   15] loss: 0.046
[72,   16] loss: 0.066
[72,   17] loss: 0.054
[72,   18] loss: 0.044
[72,   19] loss: 0.049
[72,   20] loss: 0.041
[72,   21] loss: 0.058
[72,   22] loss: 0.049
72
[73,    1] loss: 0.036
[73,    2] loss: 0.062
[73,    3] loss: 0.073
[73,    4] loss: 0.072
[73,    5] loss: 0.051
[73,    6] loss: 0.050
[73,    7] loss: 0.068
[73,    8] loss: 0.056
[73,    9] loss: 0.044
[73,   10] loss: 0.052
[73,   11] loss: 0.079
[73,   12] loss: 0.060
[73,   13] loss: 0.073
[73,   14] loss: 0.054
[73,   15] loss: 0.054
[73,   16] loss: 0.047
[73,   17] loss: 0.033
[73,   18] loss: 0.062
[73,   19] loss: 0.048
[73,   20] loss: 0.062
[73,   21] loss: 0.055
[73,   22] loss: 0.079
73
[74,    1] loss: 0.075
[74,    2] loss: 0.081
[74,    3] loss: 0.037
[74,    4] loss: 0.101
[74,    5] loss: 0.066
[74,    6] loss: 0.055
[74,    7] loss: 0.140
[74,    8] loss: 0.052
[74,    9] loss: 0.051
[74,   10] loss: 0.061
[74,   11] loss: 0.054
[74,   12] loss: 0.070
[74,   13] loss: 0.116
[74,   14] loss: 0.081
[74,   15] loss: 0.120
[74,   16] loss: 0.042
[74,   17] loss: 0.101
[74,   18] loss: 0.099
[74,   19] loss: 0.069
[74,   20] loss: 0.129
[74,   21] loss: 0.067
[74,   22] loss: 0.081
74
[75,    1] loss: 0.091
[75,    2] loss: 0.048
[75,    3] loss: 0.046
[75,    4] loss: 0.061
[75,    5] loss: 0.048
[75,    6] loss: 0.051
[75,    7] loss: 0.055
[75,    8] loss: 0.068
[75,    9] loss: 0.058
[75,   10] loss: 0.034
[75,   11] loss: 0.079
[75,   12] loss: 0.031
[75,   13] loss: 0.083
[75,   14] loss: 0.038
[75,   15] loss: 0.071
[75,   16] loss: 0.068
[75,   17] loss: 0.053
[75,   18] loss: 0.082
[75,   19] loss: 0.051
[75,   20] loss: 0.044
[75,   21] loss: 0.132
[75,   22] loss: 0.052
75
[76,    1] loss: 0.081
[76,    2] loss: 0.056
[76,    3] loss: 0.071
[76,    4] loss: 0.066
[76,    5] loss: 0.044
[76,    6] loss: 0.089
[76,    7] loss: 0.092
[76,    8] loss: 0.058
[76,    9] loss: 0.109
[76,   10] loss: 0.073
[76,   11] loss: 0.071
[76,   12] loss: 0.048
[76,   13] loss: 0.063
[76,   14] loss: 0.064
[76,   15] loss: 0.040
[76,   16] loss: 0.060
[76,   17] loss: 0.050
[76,   18] loss: 0.037
[76,   19] loss: 0.056
[76,   20] loss: 0.048
[76,   21] loss: 0.053
[76,   22] loss: 0.041
76
[77,    1] loss: 0.050
[77,    2] loss: 0.072
[77,    3] loss: 0.062
[77,    4] loss: 0.052
[77,    5] loss: 0.046
[77,    6] loss: 0.064
[77,    7] loss: 0.060
[77,    8] loss: 0.065
[77,    9] loss: 0.042
[77,   10] loss: 0.036
[77,   11] loss: 0.061
[77,   12] loss: 0.044
[77,   13] loss: 0.067
[77,   14] loss: 0.032
[77,   15] loss: 0.045
[77,   16] loss: 0.059
[77,   17] loss: 0.068
[77,   18] loss: 0.029
[77,   19] loss: 0.062
[77,   20] loss: 0.065
[77,   21] loss: 0.039
[77,   22] loss: 0.050
77
[78,    1] loss: 0.039
[78,    2] loss: 0.061
[78,    3] loss: 0.044
[78,    4] loss: 0.065
[78,    5] loss: 0.060
[78,    6] loss: 0.045
[78,    7] loss: 0.118
[78,    8] loss: 0.053
[78,    9] loss: 0.049
[78,   10] loss: 0.057
[78,   11] loss: 0.059
[78,   12] loss: 0.071
[78,   13] loss: 0.064
[78,   14] loss: 0.071
[78,   15] loss: 0.032
[78,   16] loss: 0.034
[78,   17] loss: 0.049
[78,   18] loss: 0.058
[78,   19] loss: 0.049
[78,   20] loss: 0.063
[78,   21] loss: 0.051
[78,   22] loss: 0.055
78
[79,    1] loss: 0.088
[79,    2] loss: 0.067
[79,    3] loss: 0.086
[79,    4] loss: 0.047
[79,    5] loss: 0.052
[79,    6] loss: 0.101
[79,    7] loss: 0.052
[79,    8] loss: 0.081
[79,    9] loss: 0.104
[79,   10] loss: 0.195
[79,   11] loss: 0.056
[79,   12] loss: 0.057
[79,   13] loss: 0.135
[79,   14] loss: 0.053
[79,   15] loss: 0.064
[79,   16] loss: 0.140
[79,   17] loss: 0.066
[79,   18] loss: 0.220
[79,   19] loss: 0.154
[79,   20] loss: 0.059
[79,   21] loss: 0.181
[79,   22] loss: 0.074
79
[80,    1] loss: 0.140
[80,    2] loss: 0.100
[80,    3] loss: 0.048
[80,    4] loss: 0.179
[80,    5] loss: 0.046
[80,    6] loss: 0.078
[80,    7] loss: 0.073
[80,    8] loss: 0.062
[80,    9] loss: 0.131
[80,   10] loss: 0.040
[80,   11] loss: 0.071
[80,   12] loss: 0.059
[80,   13] loss: 0.041
[80,   14] loss: 0.103
[80,   15] loss: 0.065
[80,   16] loss: 0.052
[80,   17] loss: 0.081
[80,   18] loss: 0.045
[80,   19] loss: 0.107
[80,   20] loss: 0.050
[80,   21] loss: 0.068
[80,   22] loss: 0.064
80
[81,    1] loss: 0.062
[81,    2] loss: 0.052
[81,    3] loss: 0.051
[81,    4] loss: 0.046
[81,    5] loss: 0.053
[81,    6] loss: 0.046
[81,    7] loss: 0.051
[81,    8] loss: 0.067
[81,    9] loss: 0.052
[81,   10] loss: 0.047
[81,   11] loss: 0.045
[81,   12] loss: 0.068
[81,   13] loss: 0.035
[81,   14] loss: 0.037
[81,   15] loss: 0.062
[81,   16] loss: 0.050
[81,   17] loss: 0.053
[81,   18] loss: 0.044
[81,   19] loss: 0.073
[81,   20] loss: 0.049
[81,   21] loss: 0.052
[81,   22] loss: 0.059
81
[82,    1] loss: 0.053
[82,    2] loss: 0.051
[82,    3] loss: 0.059
[82,    4] loss: 0.053
[82,    5] loss: 0.063
[82,    6] loss: 0.085
[82,    7] loss: 0.059
[82,    8] loss: 0.072
[82,    9] loss: 0.060
[82,   10] loss: 0.044
[82,   11] loss: 0.095
[82,   12] loss: 0.043
[82,   13] loss: 0.063
[82,   14] loss: 0.035
[82,   15] loss: 0.054
[82,   16] loss: 0.066
[82,   17] loss: 0.027
[82,   18] loss: 0.056
[82,   19] loss: 0.054
[82,   20] loss: 0.060
[82,   21] loss: 0.074
[82,   22] loss: 0.044
82
[83,    1] loss: 0.053
[83,    2] loss: 0.093
[83,    3] loss: 0.046
[83,    4] loss: 0.067
[83,    5] loss: 0.091
[83,    6] loss: 0.104
[83,    7] loss: 0.146
[83,    8] loss: 0.049
[83,    9] loss: 0.118
[83,   10] loss: 0.156
[83,   11] loss: 0.122
[83,   12] loss: 0.166
[83,   13] loss: 0.066
[83,   14] loss: 0.166
[83,   15] loss: 0.070
[83,   16] loss: 0.148
[83,   17] loss: 0.110
[83,   18] loss: 0.074
[83,   19] loss: 0.126
[83,   20] loss: 0.071
[83,   21] loss: 0.040
[83,   22] loss: 0.132
83
[84,    1] loss: 0.057
[84,    2] loss: 0.094
[84,    3] loss: 0.062
[84,    4] loss: 0.058
[84,    5] loss: 0.081
[84,    6] loss: 0.061
[84,    7] loss: 0.041
[84,    8] loss: 0.046
[84,    9] loss: 0.041
[84,   10] loss: 0.076
[84,   11] loss: 0.065
[84,   12] loss: 0.058
[84,   13] loss: 0.059
[84,   14] loss: 0.043
[84,   15] loss: 0.066
[84,   16] loss: 0.061
[84,   17] loss: 0.075
[84,   18] loss: 0.075
[84,   19] loss: 0.060
[84,   20] loss: 0.076
[84,   21] loss: 0.054
[84,   22] loss: 0.105
84
[85,    1] loss: 0.062
[85,    2] loss: 0.062
[85,    3] loss: 0.156
[85,    4] loss: 0.062
[85,    5] loss: 0.083
[85,    6] loss: 0.033
[85,    7] loss: 0.091
[85,    8] loss: 0.050
[85,    9] loss: 0.048
[85,   10] loss: 0.048
[85,   11] loss: 0.043
[85,   12] loss: 0.064
[85,   13] loss: 0.049
[85,   14] loss: 0.047
[85,   15] loss: 0.054
[85,   16] loss: 0.067
[85,   17] loss: 0.067
[85,   18] loss: 0.042
[85,   19] loss: 0.044
[85,   20] loss: 0.050
[85,   21] loss: 0.069
[85,   22] loss: 0.087
85
[86,    1] loss: 0.087
[86,    2] loss: 0.141
[86,    3] loss: 0.043
[86,    4] loss: 0.182
[86,    5] loss: 0.057
[86,    6] loss: 0.123
[86,    7] loss: 0.088
[86,    8] loss: 0.044
[86,    9] loss: 0.189
[86,   10] loss: 0.102
[86,   11] loss: 0.130
[86,   12] loss: 0.177
[86,   13] loss: 0.044
[86,   14] loss: 0.222
[86,   15] loss: 0.101
[86,   16] loss: 0.281
[86,   17] loss: 0.133
[86,   18] loss: 0.139
[86,   19] loss: 0.154
[86,   20] loss: 0.060
[86,   21] loss: 0.174
[86,   22] loss: 0.047
86
[87,    1] loss: 0.166
[87,    2] loss: 0.070
[87,    3] loss: 0.082
[87,    4] loss: 0.082
[87,    5] loss: 0.040
[87,    6] loss: 0.114
[87,    7] loss: 0.051
[87,    8] loss: 0.107
[87,    9] loss: 0.082
[87,   10] loss: 0.059
[87,   11] loss: 0.087
[87,   12] loss: 0.039
[87,   13] loss: 0.084
[87,   14] loss: 0.056
[87,   15] loss: 0.061
[87,   16] loss: 0.067
[87,   17] loss: 0.054
[87,   18] loss: 0.054
[87,   19] loss: 0.059
[87,   20] loss: 0.049
[87,   21] loss: 0.047
[87,   22] loss: 0.062
87
[88,    1] loss: 0.045
[88,    2] loss: 0.080
[88,    3] loss: 0.054
[88,    4] loss: 0.074
[88,    5] loss: 0.061
[88,    6] loss: 0.058
[88,    7] loss: 0.065
[88,    8] loss: 0.060
[88,    9] loss: 0.046
[88,   10] loss: 0.038
[88,   11] loss: 0.037
[88,   12] loss: 0.087
[88,   13] loss: 0.043
[88,   14] loss: 0.051
[88,   15] loss: 0.046
[88,   16] loss: 0.061
[88,   17] loss: 0.065
[88,   18] loss: 0.101
[88,   19] loss: 0.046
[88,   20] loss: 0.137
[88,   21] loss: 0.087
[88,   22] loss: 0.110
88
[89,    1] loss: 0.215
[89,    2] loss: 0.051
[89,    3] loss: 0.274
[89,    4] loss: 0.026
[89,    5] loss: 0.185
[89,    6] loss: 0.125
[89,    7] loss: 0.167
[89,    8] loss: 0.162
[89,    9] loss: 0.124
[89,   10] loss: 0.118
[89,   11] loss: 0.068
[89,   12] loss: 0.084
[89,   13] loss: 0.082
[89,   14] loss: 0.055
[89,   15] loss: 0.222
[89,   16] loss: 0.054
[89,   17] loss: 0.162
[89,   18] loss: 0.056
[89,   19] loss: 0.159
[89,   20] loss: 0.095
[89,   21] loss: 0.152
[89,   22] loss: 0.091
89
[90,    1] loss: 0.065
[90,    2] loss: 0.060
[90,    3] loss: 0.078
[90,    4] loss: 0.108
[90,    5] loss: 0.037
[90,    6] loss: 0.045
[90,    7] loss: 0.051
[90,    8] loss: 0.038
[90,    9] loss: 0.049
[90,   10] loss: 0.069
[90,   11] loss: 0.045
[90,   12] loss: 0.115
[90,   13] loss: 0.035
[90,   14] loss: 0.111
[90,   15] loss: 0.073
[90,   16] loss: 0.077
[90,   17] loss: 0.057
[90,   18] loss: 0.058
[90,   19] loss: 0.088
[90,   20] loss: 0.054
[90,   21] loss: 0.078
[90,   22] loss: 0.042
90
[91,    1] loss: 0.054
[91,    2] loss: 0.040
[91,    3] loss: 0.061
[91,    4] loss: 0.079
[91,    5] loss: 0.100
[91,    6] loss: 0.084
[91,    7] loss: 0.072
[91,    8] loss: 0.055
[91,    9] loss: 0.095
[91,   10] loss: 0.054
[91,   11] loss: 0.066
[91,   12] loss: 0.039
[91,   13] loss: 0.058
[91,   14] loss: 0.053
[91,   15] loss: 0.056
[91,   16] loss: 0.027
[91,   17] loss: 0.133
[91,   18] loss: 0.066
[91,   19] loss: 0.059
[91,   20] loss: 0.142
[91,   21] loss: 0.090
[91,   22] loss: 0.136
91
[92,    1] loss: 0.045
[92,    2] loss: 0.124
[92,    3] loss: 0.086
[92,    4] loss: 0.087
[92,    5] loss: 0.161
[92,    6] loss: 0.065
[92,    7] loss: 0.115
[92,    8] loss: 0.060
[92,    9] loss: 0.094
[92,   10] loss: 0.044
[92,   11] loss: 0.054
[92,   12] loss: 0.114
[92,   13] loss: 0.041
[92,   14] loss: 0.183
[92,   15] loss: 0.046
[92,   16] loss: 0.148
[92,   17] loss: 0.045
[92,   18] loss: 0.074
[92,   19] loss: 0.117
[92,   20] loss: 0.106
[92,   21] loss: 0.066
[92,   22] loss: 0.095
92
[93,    1] loss: 0.072
[93,    2] loss: 0.060
[93,    3] loss: 0.072
[93,    4] loss: 0.033
[93,    5] loss: 0.062
[93,    6] loss: 0.049
[93,    7] loss: 0.043
[93,    8] loss: 0.052
[93,    9] loss: 0.040
[93,   10] loss: 0.063
[93,   11] loss: 0.051
[93,   12] loss: 0.067
[93,   13] loss: 0.057
[93,   14] loss: 0.050
[93,   15] loss: 0.036
[93,   16] loss: 0.036
[93,   17] loss: 0.081
[93,   18] loss: 0.047
[93,   19] loss: 0.061
[93,   20] loss: 0.033
[93,   21] loss: 0.060
[93,   22] loss: 0.044
93
[94,    1] loss: 0.051
[94,    2] loss: 0.049
[94,    3] loss: 0.040
[94,    4] loss: 0.040
[94,    5] loss: 0.048
[94,    6] loss: 0.079
[94,    7] loss: 0.043
[94,    8] loss: 0.051
[94,    9] loss: 0.064
[94,   10] loss: 0.061
[94,   11] loss: 0.060
[94,   12] loss: 0.039
[94,   13] loss: 0.065
[94,   14] loss: 0.042
[94,   15] loss: 0.032
[94,   16] loss: 0.096
[94,   17] loss: 0.044
[94,   18] loss: 0.060
[94,   19] loss: 0.049
[94,   20] loss: 0.062
[94,   21] loss: 0.077
[94,   22] loss: 0.042
94
[95,    1] loss: 0.139
[95,    2] loss: 0.052
[95,    3] loss: 0.119
[95,    4] loss: 0.047
[95,    5] loss: 0.049
[95,    6] loss: 0.089
[95,    7] loss: 0.078
[95,    8] loss: 0.044
[95,    9] loss: 0.036
[95,   10] loss: 0.047
[95,   11] loss: 0.054
[95,   12] loss: 0.044
[95,   13] loss: 0.091
[95,   14] loss: 0.043
[95,   15] loss: 0.169
[95,   16] loss: 0.050
[95,   17] loss: 0.148
[95,   18] loss: 0.062
[95,   19] loss: 0.101
[95,   20] loss: 0.071
[95,   21] loss: 0.101
[95,   22] loss: 0.070
95
[96,    1] loss: 0.052
[96,    2] loss: 0.054
[96,    3] loss: 0.050
[96,    4] loss: 0.086
[96,    5] loss: 0.058
[96,    6] loss: 0.060
[96,    7] loss: 0.081
[96,    8] loss: 0.062
[96,    9] loss: 0.090
[96,   10] loss: 0.044
[96,   11] loss: 0.092
[96,   12] loss: 0.037
[96,   13] loss: 0.081
[96,   14] loss: 0.039
[96,   15] loss: 0.053
[96,   16] loss: 0.056
[96,   17] loss: 0.086
[96,   18] loss: 0.070
[96,   19] loss: 0.067
[96,   20] loss: 0.059
[96,   21] loss: 0.054
[96,   22] loss: 0.049
96
[97,    1] loss: 0.051
[97,    2] loss: 0.063
[97,    3] loss: 0.071
[97,    4] loss: 0.064
[97,    5] loss: 0.052
[97,    6] loss: 0.044
[97,    7] loss: 0.059
[97,    8] loss: 0.071
[97,    9] loss: 0.070
[97,   10] loss: 0.035
[97,   11] loss: 0.075
[97,   12] loss: 0.064
[97,   13] loss: 0.065
[97,   14] loss: 0.036
[97,   15] loss: 0.065
[97,   16] loss: 0.051
[97,   17] loss: 0.067
[97,   18] loss: 0.054
[97,   19] loss: 0.044
[97,   20] loss: 0.078
[97,   21] loss: 0.044
[97,   22] loss: 0.100
97
[98,    1] loss: 0.059
[98,    2] loss: 0.126
[98,    3] loss: 0.058
[98,    4] loss: 0.079
[98,    5] loss: 0.070
[98,    6] loss: 0.046
[98,    7] loss: 0.051
[98,    8] loss: 0.048
[98,    9] loss: 0.062
[98,   10] loss: 0.052
[98,   11] loss: 0.082
[98,   12] loss: 0.076
[98,   13] loss: 0.079
[98,   14] loss: 0.079
[98,   15] loss: 0.044
[98,   16] loss: 0.111
[98,   17] loss: 0.056
[98,   18] loss: 0.083
[98,   19] loss: 0.045
[98,   20] loss: 0.059
[98,   21] loss: 0.041
[98,   22] loss: 0.049
98
[99,    1] loss: 0.080
[99,    2] loss: 0.038
[99,    3] loss: 0.047
[99,    4] loss: 0.058
[99,    5] loss: 0.045
[99,    6] loss: 0.054
[99,    7] loss: 0.057
[99,    8] loss: 0.045
[99,    9] loss: 0.046
[99,   10] loss: 0.072
[99,   11] loss: 0.039
[99,   12] loss: 0.057
[99,   13] loss: 0.059
[99,   14] loss: 0.061
[99,   15] loss: 0.042
[99,   16] loss: 0.047
[99,   17] loss: 0.072
[99,   18] loss: 0.051
[99,   19] loss: 0.067
[99,   20] loss: 0.041
[99,   21] loss: 0.056
[99,   22] loss: 0.031
99
[100,    1] loss: 0.048
[100,    2] loss: 0.059
[100,    3] loss: 0.061
[100,    4] loss: 0.051
[100,    5] loss: 0.037
[100,    6] loss: 0.062
[100,    7] loss: 0.083
[100,    8] loss: 0.094
[100,    9] loss: 0.061
[100,   10] loss: 0.056
[100,   11] loss: 0.046
[100,   12] loss: 0.039
[100,   13] loss: 0.042
[100,   14] loss: 0.069
[100,   15] loss: 0.065
[100,   16] loss: 0.077
[100,   17] loss: 0.077
[100,   18] loss: 0.033
[100,   19] loss: 0.115
[100,   20] loss: 0.051
[100,   21] loss: 0.036
[100,   22] loss: 0.106
Finished Training
Mean Squared Error on Test Set: 0.10860843763408
