0
[1,    1] loss: 4.784
[1,    2] loss: 89.506
[1,    3] loss: 5.868
[1,    4] loss: 17.923
[1,    5] loss: 41.196
[1,    6] loss: 26.275
[1,    7] loss: 4.619
[1,    8] loss: 2.226
[1,    9] loss: 15.393
[1,   10] loss: 20.394
[1,   11] loss: 12.031
[1,   12] loss: 2.975
[1,   13] loss: 0.511
[1,   14] loss: 6.423
[1,   15] loss: 10.276
[1,   16] loss: 8.285
[1,   17] loss: 3.571
[1,   18] loss: 0.317
[1,   19] loss: 1.937
[1,   20] loss: 4.256
[1,   21] loss: 6.301
[1,   22] loss: 3.945
1
[2,    1] loss: 0.325
[2,    2] loss: 0.788
[2,    3] loss: 2.280
[2,    4] loss: 3.180
[2,    5] loss: 2.017
[2,    6] loss: 0.766
[2,    7] loss: 0.444
[2,    8] loss: 1.057
[2,    9] loss: 1.668
[2,   10] loss: 1.432
[2,   11] loss: 1.013
[2,   12] loss: 0.222
[2,   13] loss: 0.939
[2,   14] loss: 1.064
[2,   15] loss: 0.900
[2,   16] loss: 0.757
[2,   17] loss: 0.226
[2,   18] loss: 0.704
[2,   19] loss: 0.789
[2,   20] loss: 0.604
[2,   21] loss: 0.430
[2,   22] loss: 0.227
2
[3,    1] loss: 0.426
[3,    2] loss: 0.550
[3,    3] loss: 0.552
[3,    4] loss: 0.338
[3,    5] loss: 0.195
[3,    6] loss: 0.402
[3,    7] loss: 0.386
[3,    8] loss: 0.481
[3,    9] loss: 0.375
[3,   10] loss: 0.252
[3,   11] loss: 0.299
[3,   12] loss: 0.350
[3,   13] loss: 0.303
[3,   14] loss: 0.157
[3,   15] loss: 0.192
[3,   16] loss: 0.533
[3,   17] loss: 0.317
[3,   18] loss: 0.267
[3,   19] loss: 0.146
[3,   20] loss: 0.499
[3,   21] loss: 0.376
[3,   22] loss: 0.201
3
[4,    1] loss: 0.118
[4,    2] loss: 0.251
[4,    3] loss: 0.470
[4,    4] loss: 0.210
[4,    5] loss: 0.234
[4,    6] loss: 0.254
[4,    7] loss: 0.229
[4,    8] loss: 0.248
[4,    9] loss: 0.190
[4,   10] loss: 0.207
[4,   11] loss: 0.174
[4,   12] loss: 0.248
[4,   13] loss: 0.269
[4,   14] loss: 0.116
[4,   15] loss: 0.167
[4,   16] loss: 0.196
[4,   17] loss: 0.172
[4,   18] loss: 0.141
[4,   19] loss: 0.337
[4,   20] loss: 0.155
[4,   21] loss: 0.223
[4,   22] loss: 0.159
4
[5,    1] loss: 0.115
[5,    2] loss: 0.218
[5,    3] loss: 0.235
[5,    4] loss: 0.188
[5,    5] loss: 0.166
[5,    6] loss: 0.201
[5,    7] loss: 0.204
[5,    8] loss: 0.154
[5,    9] loss: 0.179
[5,   10] loss: 0.210
[5,   11] loss: 0.220
[5,   12] loss: 0.290
[5,   13] loss: 0.181
[5,   14] loss: 0.258
[5,   15] loss: 0.197
[5,   16] loss: 0.164
[5,   17] loss: 0.146
[5,   18] loss: 0.146
[5,   19] loss: 0.220
[5,   20] loss: 0.278
[5,   21] loss: 0.212
[5,   22] loss: 0.235
5
[6,    1] loss: 0.233
[6,    2] loss: 0.267
[6,    3] loss: 0.263
[6,    4] loss: 0.144
[6,    5] loss: 0.151
[6,    6] loss: 0.136
[6,    7] loss: 0.086
[6,    8] loss: 0.160
[6,    9] loss: 0.147
[6,   10] loss: 0.211
[6,   11] loss: 0.167
[6,   12] loss: 0.149
[6,   13] loss: 0.217
[6,   14] loss: 0.134
[6,   15] loss: 0.315
[6,   16] loss: 0.206
[6,   17] loss: 0.261
[6,   18] loss: 0.228
[6,   19] loss: 0.494
[6,   20] loss: 0.220
[6,   21] loss: 0.233
[6,   22] loss: 0.185
6
[7,    1] loss: 0.307
[7,    2] loss: 0.201
[7,    3] loss: 0.204
[7,    4] loss: 0.169
[7,    5] loss: 0.211
[7,    6] loss: 0.184
[7,    7] loss: 0.193
[7,    8] loss: 0.120
[7,    9] loss: 0.253
[7,   10] loss: 0.162
[7,   11] loss: 0.183
[7,   12] loss: 0.188
[7,   13] loss: 0.242
[7,   14] loss: 0.095
[7,   15] loss: 0.219
[7,   16] loss: 0.126
[7,   17] loss: 0.163
[7,   18] loss: 0.100
[7,   19] loss: 0.251
[7,   20] loss: 0.100
[7,   21] loss: 0.183
[7,   22] loss: 0.147
7
[8,    1] loss: 0.141
[8,    2] loss: 0.135
[8,    3] loss: 0.184
[8,    4] loss: 0.199
[8,    5] loss: 0.163
[8,    6] loss: 0.141
[8,    7] loss: 0.215
[8,    8] loss: 0.108
[8,    9] loss: 0.165
[8,   10] loss: 0.113
[8,   11] loss: 0.211
[8,   12] loss: 0.171
[8,   13] loss: 0.199
[8,   14] loss: 0.139
[8,   15] loss: 0.144
[8,   16] loss: 0.179
[8,   17] loss: 0.213
[8,   18] loss: 0.096
[8,   19] loss: 0.139
[8,   20] loss: 0.146
[8,   21] loss: 0.180
[8,   22] loss: 0.232
8
[9,    1] loss: 0.104
[9,    2] loss: 0.116
[9,    3] loss: 0.199
[9,    4] loss: 0.141
[9,    5] loss: 0.151
[9,    6] loss: 0.305
[9,    7] loss: 0.180
[9,    8] loss: 0.129
[9,    9] loss: 0.282
[9,   10] loss: 0.155
[9,   11] loss: 0.182
[9,   12] loss: 0.175
[9,   13] loss: 0.146
[9,   14] loss: 0.173
[9,   15] loss: 0.248
[9,   16] loss: 0.149
[9,   17] loss: 0.113
[9,   18] loss: 0.121
[9,   19] loss: 0.118
[9,   20] loss: 0.212
[9,   21] loss: 0.168
[9,   22] loss: 0.213
9
[10,    1] loss: 0.215
[10,    2] loss: 0.111
[10,    3] loss: 0.128
[10,    4] loss: 0.121
[10,    5] loss: 0.171
[10,    6] loss: 0.169
[10,    7] loss: 0.144
[10,    8] loss: 0.116
[10,    9] loss: 0.093
[10,   10] loss: 0.129
[10,   11] loss: 0.144
[10,   12] loss: 0.136
[10,   13] loss: 0.141
[10,   14] loss: 0.137
[10,   15] loss: 0.132
[10,   16] loss: 0.145
[10,   17] loss: 0.117
[10,   18] loss: 0.139
[10,   19] loss: 0.189
[10,   20] loss: 0.130
[10,   21] loss: 0.136
[10,   22] loss: 0.176
10
[11,    1] loss: 0.080
[11,    2] loss: 0.107
[11,    3] loss: 0.130
[11,    4] loss: 0.180
[11,    5] loss: 0.125
[11,    6] loss: 0.171
[11,    7] loss: 0.167
[11,    8] loss: 0.110
[11,    9] loss: 0.162
[11,   10] loss: 0.092
[11,   11] loss: 0.111
[11,   12] loss: 0.129
[11,   13] loss: 0.141
[11,   14] loss: 0.213
[11,   15] loss: 0.094
[11,   16] loss: 0.078
[11,   17] loss: 0.121
[11,   18] loss: 0.115
[11,   19] loss: 0.164
[11,   20] loss: 0.090
[11,   21] loss: 0.196
[11,   22] loss: 0.169
11
[12,    1] loss: 0.095
[12,    2] loss: 0.118
[12,    3] loss: 0.150
[12,    4] loss: 0.098
[12,    5] loss: 0.164
[12,    6] loss: 0.152
[12,    7] loss: 0.150
[12,    8] loss: 0.257
[12,    9] loss: 0.118
[12,   10] loss: 0.153
[12,   11] loss: 0.083
[12,   12] loss: 0.173
[12,   13] loss: 0.180
[12,   14] loss: 0.152
[12,   15] loss: 0.115
[12,   16] loss: 0.087
[12,   17] loss: 0.107
[12,   18] loss: 0.152
[12,   19] loss: 0.094
[12,   20] loss: 0.122
[12,   21] loss: 0.141
[12,   22] loss: 0.210
12
[13,    1] loss: 0.149
[13,    2] loss: 0.130
[13,    3] loss: 0.170
[13,    4] loss: 0.106
[13,    5] loss: 0.206
[13,    6] loss: 0.114
[13,    7] loss: 0.118
[13,    8] loss: 0.143
[13,    9] loss: 0.109
[13,   10] loss: 0.144
[13,   11] loss: 0.076
[13,   12] loss: 0.130
[13,   13] loss: 0.154
[13,   14] loss: 0.138
[13,   15] loss: 0.126
[13,   16] loss: 0.170
[13,   17] loss: 0.139
[13,   18] loss: 0.090
[13,   19] loss: 0.105
[13,   20] loss: 0.100
[13,   21] loss: 0.111
[13,   22] loss: 0.099
13
[14,    1] loss: 0.130
[14,    2] loss: 0.117
[14,    3] loss: 0.175
[14,    4] loss: 0.112
[14,    5] loss: 0.153
[14,    6] loss: 0.117
[14,    7] loss: 0.120
[14,    8] loss: 0.177
[14,    9] loss: 0.093
[14,   10] loss: 0.151
[14,   11] loss: 0.071
[14,   12] loss: 0.073
[14,   13] loss: 0.053
[14,   14] loss: 0.179
[14,   15] loss: 0.096
[14,   16] loss: 0.161
[14,   17] loss: 0.192
[14,   18] loss: 0.133
[14,   19] loss: 0.164
[14,   20] loss: 0.086
[14,   21] loss: 0.111
[14,   22] loss: 0.162
14
[15,    1] loss: 0.124
[15,    2] loss: 0.160
[15,    3] loss: 0.051
[15,    4] loss: 0.078
[15,    5] loss: 0.081
[15,    6] loss: 0.079
[15,    7] loss: 0.108
[15,    8] loss: 0.059
[15,    9] loss: 0.124
[15,   10] loss: 0.081
[15,   11] loss: 0.073
[15,   12] loss: 0.107
[15,   13] loss: 0.115
[15,   14] loss: 0.124
[15,   15] loss: 0.096
[15,   16] loss: 0.180
[15,   17] loss: 0.141
[15,   18] loss: 0.099
[15,   19] loss: 0.126
[15,   20] loss: 0.114
[15,   21] loss: 0.143
[15,   22] loss: 0.129
15
[16,    1] loss: 0.153
[16,    2] loss: 0.113
[16,    3] loss: 0.100
[16,    4] loss: 0.106
[16,    5] loss: 0.104
[16,    6] loss: 0.109
[16,    7] loss: 0.204
[16,    8] loss: 0.079
[16,    9] loss: 0.159
[16,   10] loss: 0.150
[16,   11] loss: 0.116
[16,   12] loss: 0.137
[16,   13] loss: 0.088
[16,   14] loss: 0.096
[16,   15] loss: 0.113
[16,   16] loss: 0.078
[16,   17] loss: 0.085
[16,   18] loss: 0.069
[16,   19] loss: 0.106
[16,   20] loss: 0.151
[16,   21] loss: 0.091
[16,   22] loss: 0.119
16
[17,    1] loss: 0.116
[17,    2] loss: 0.097
[17,    3] loss: 0.110
[17,    4] loss: 0.078
[17,    5] loss: 0.094
[17,    6] loss: 0.095
[17,    7] loss: 0.121
[17,    8] loss: 0.125
[17,    9] loss: 0.100
[17,   10] loss: 0.123
[17,   11] loss: 0.122
[17,   12] loss: 0.096
[17,   13] loss: 0.082
[17,   14] loss: 0.095
[17,   15] loss: 0.069
[17,   16] loss: 0.084
[17,   17] loss: 0.085
[17,   18] loss: 0.111
[17,   19] loss: 0.077
[17,   20] loss: 0.056
[17,   21] loss: 0.064
[17,   22] loss: 0.070
17
[18,    1] loss: 0.088
[18,    2] loss: 0.102
[18,    3] loss: 0.085
[18,    4] loss: 0.085
[18,    5] loss: 0.065
[18,    6] loss: 0.071
[18,    7] loss: 0.125
[18,    8] loss: 0.095
[18,    9] loss: 0.076
[18,   10] loss: 0.108
[18,   11] loss: 0.061
[18,   12] loss: 0.105
[18,   13] loss: 0.089
[18,   14] loss: 0.070
[18,   15] loss: 0.062
[18,   16] loss: 0.119
[18,   17] loss: 0.069
[18,   18] loss: 0.118
[18,   19] loss: 0.060
[18,   20] loss: 0.058
[18,   21] loss: 0.211
[18,   22] loss: 0.110
18
[19,    1] loss: 0.100
[19,    2] loss: 0.125
[19,    3] loss: 0.075
[19,    4] loss: 0.109
[19,    5] loss: 0.071
[19,    6] loss: 0.094
[19,    7] loss: 0.080
[19,    8] loss: 0.082
[19,    9] loss: 0.082
[19,   10] loss: 0.134
[19,   11] loss: 0.049
[19,   12] loss: 0.173
[19,   13] loss: 0.072
[19,   14] loss: 0.093
[19,   15] loss: 0.139
[19,   16] loss: 0.030
[19,   17] loss: 0.052
[19,   18] loss: 0.080
[19,   19] loss: 0.054
[19,   20] loss: 0.086
[19,   21] loss: 0.086
[19,   22] loss: 0.102
19
[20,    1] loss: 0.087
[20,    2] loss: 0.086
[20,    3] loss: 0.094
[20,    4] loss: 0.155
[20,    5] loss: 0.070
[20,    6] loss: 0.112
[20,    7] loss: 0.065
[20,    8] loss: 0.107
[20,    9] loss: 0.062
[20,   10] loss: 0.062
[20,   11] loss: 0.063
[20,   12] loss: 0.073
[20,   13] loss: 0.092
[20,   14] loss: 0.104
[20,   15] loss: 0.063
[20,   16] loss: 0.116
[20,   17] loss: 0.078
[20,   18] loss: 0.076
[20,   19] loss: 0.116
[20,   20] loss: 0.106
[20,   21] loss: 0.134
[20,   22] loss: 0.048
20
[21,    1] loss: 0.093
[21,    2] loss: 0.078
[21,    3] loss: 0.132
[21,    4] loss: 0.123
[21,    5] loss: 0.075
[21,    6] loss: 0.077
[21,    7] loss: 0.110
[21,    8] loss: 0.075
[21,    9] loss: 0.062
[21,   10] loss: 0.089
[21,   11] loss: 0.131
[21,   12] loss: 0.077
[21,   13] loss: 0.102
[21,   14] loss: 0.092
[21,   15] loss: 0.049
[21,   16] loss: 0.065
[21,   17] loss: 0.077
[21,   18] loss: 0.057
[21,   19] loss: 0.069
[21,   20] loss: 0.074
[21,   21] loss: 0.054
[21,   22] loss: 0.081
21
[22,    1] loss: 0.114
[22,    2] loss: 0.055
[22,    3] loss: 0.105
[22,    4] loss: 0.158
[22,    5] loss: 0.077
[22,    6] loss: 0.077
[22,    7] loss: 0.061
[22,    8] loss: 0.079
[22,    9] loss: 0.078
[22,   10] loss: 0.058
[22,   11] loss: 0.082
[22,   12] loss: 0.069
[22,   13] loss: 0.068
[22,   14] loss: 0.153
[22,   15] loss: 0.089
[22,   16] loss: 0.139
[22,   17] loss: 0.072
[22,   18] loss: 0.117
[22,   19] loss: 0.084
[22,   20] loss: 0.069
[22,   21] loss: 0.102
[22,   22] loss: 0.066
22
[23,    1] loss: 0.099
[23,    2] loss: 0.080
[23,    3] loss: 0.114
[23,    4] loss: 0.085
[23,    5] loss: 0.114
[23,    6] loss: 0.024
[23,    7] loss: 0.135
[23,    8] loss: 0.059
[23,    9] loss: 0.088
[23,   10] loss: 0.067
[23,   11] loss: 0.052
[23,   12] loss: 0.112
[23,   13] loss: 0.109
[23,   14] loss: 0.103
[23,   15] loss: 0.108
[23,   16] loss: 0.123
[23,   17] loss: 0.074
[23,   18] loss: 0.076
[23,   19] loss: 0.071
[23,   20] loss: 0.091
[23,   21] loss: 0.062
[23,   22] loss: 0.156
23
[24,    1] loss: 0.087
[24,    2] loss: 0.172
[24,    3] loss: 0.062
[24,    4] loss: 0.147
[24,    5] loss: 0.093
[24,    6] loss: 0.191
[24,    7] loss: 0.090
[24,    8] loss: 0.088
[24,    9] loss: 0.062
[24,   10] loss: 0.047
[24,   11] loss: 0.080
[24,   12] loss: 0.093
[24,   13] loss: 0.113
[24,   14] loss: 0.081
[24,   15] loss: 0.064
[24,   16] loss: 0.086
[24,   17] loss: 0.160
[24,   18] loss: 0.069
[24,   19] loss: 0.101
[24,   20] loss: 0.059
[24,   21] loss: 0.040
[24,   22] loss: 0.073
24
[25,    1] loss: 0.144
[25,    2] loss: 0.076
[25,    3] loss: 0.159
[25,    4] loss: 0.101
[25,    5] loss: 0.174
[25,    6] loss: 0.142
[25,    7] loss: 0.184
[25,    8] loss: 0.183
[25,    9] loss: 0.195
[25,   10] loss: 0.113
[25,   11] loss: 0.134
[25,   12] loss: 0.148
[25,   13] loss: 0.083
[25,   14] loss: 0.133
[25,   15] loss: 0.104
[25,   16] loss: 0.105
[25,   17] loss: 0.152
[25,   18] loss: 0.099
[25,   19] loss: 0.164
[25,   20] loss: 0.080
[25,   21] loss: 0.254
[25,   22] loss: 0.110
25
[26,    1] loss: 0.140
[26,    2] loss: 0.138
[26,    3] loss: 0.075
[26,    4] loss: 0.144
[26,    5] loss: 0.072
[26,    6] loss: 0.103
[26,    7] loss: 0.150
[26,    8] loss: 0.200
[26,    9] loss: 0.113
[26,   10] loss: 0.103
[26,   11] loss: 0.093
[26,   12] loss: 0.035
[26,   13] loss: 0.139
[26,   14] loss: 0.065
[26,   15] loss: 0.163
[26,   16] loss: 0.061
[26,   17] loss: 0.101
[26,   18] loss: 0.044
[26,   19] loss: 0.076
[26,   20] loss: 0.113
[26,   21] loss: 0.100
[26,   22] loss: 0.087
26
[27,    1] loss: 0.070
[27,    2] loss: 0.083
[27,    3] loss: 0.059
[27,    4] loss: 0.082
[27,    5] loss: 0.037
[27,    6] loss: 0.042
[27,    7] loss: 0.152
[27,    8] loss: 0.115
[27,    9] loss: 0.162
[27,   10] loss: 0.102
[27,   11] loss: 0.102
[27,   12] loss: 0.062
[27,   13] loss: 0.162
[27,   14] loss: 0.056
[27,   15] loss: 0.129
[27,   16] loss: 0.080
[27,   17] loss: 0.147
[27,   18] loss: 0.041
[27,   19] loss: 0.097
[27,   20] loss: 0.086
[27,   21] loss: 0.082
[27,   22] loss: 0.064
27
[28,    1] loss: 0.150
[28,    2] loss: 0.059
[28,    3] loss: 0.052
[28,    4] loss: 0.082
[28,    5] loss: 0.122
[28,    6] loss: 0.071
[28,    7] loss: 0.082
[28,    8] loss: 0.069
[28,    9] loss: 0.052
[28,   10] loss: 0.075
[28,   11] loss: 0.064
[28,   12] loss: 0.094
[28,   13] loss: 0.089
[28,   14] loss: 0.061
[28,   15] loss: 0.056
[28,   16] loss: 0.089
[28,   17] loss: 0.073
[28,   18] loss: 0.206
[28,   19] loss: 0.180
[28,   20] loss: 0.115
[28,   21] loss: 0.098
[28,   22] loss: 0.074
28
[29,    1] loss: 0.082
[29,    2] loss: 0.157
[29,    3] loss: 0.083
[29,    4] loss: 0.094
[29,    5] loss: 0.069
[29,    6] loss: 0.075
[29,    7] loss: 0.123
[29,    8] loss: 0.081
[29,    9] loss: 0.068
[29,   10] loss: 0.068
[29,   11] loss: 0.108
[29,   12] loss: 0.052
[29,   13] loss: 0.186
[29,   14] loss: 0.070
[29,   15] loss: 0.075
[29,   16] loss: 0.048
[29,   17] loss: 0.105
[29,   18] loss: 0.078
[29,   19] loss: 0.054
[29,   20] loss: 0.066
[29,   21] loss: 0.041
[29,   22] loss: 0.068
29
[30,    1] loss: 0.073
[30,    2] loss: 0.080
[30,    3] loss: 0.091
[30,    4] loss: 0.100
[30,    5] loss: 0.072
[30,    6] loss: 0.132
[30,    7] loss: 0.052
[30,    8] loss: 0.083
[30,    9] loss: 0.097
[30,   10] loss: 0.142
[30,   11] loss: 0.106
[30,   12] loss: 0.136
[30,   13] loss: 0.226
[30,   14] loss: 0.142
[30,   15] loss: 0.241
[30,   16] loss: 0.039
[30,   17] loss: 0.205
[30,   18] loss: 0.108
[30,   19] loss: 0.371
[30,   20] loss: 0.057
[30,   21] loss: 0.207
[30,   22] loss: 0.115
30
[31,    1] loss: 0.139
[31,    2] loss: 0.122
[31,    3] loss: 0.122
[31,    4] loss: 0.117
[31,    5] loss: 0.047
[31,    6] loss: 0.153
[31,    7] loss: 0.086
[31,    8] loss: 0.076
[31,    9] loss: 0.067
[31,   10] loss: 0.049
[31,   11] loss: 0.079
[31,   12] loss: 0.088
[31,   13] loss: 0.092
[31,   14] loss: 0.036
[31,   15] loss: 0.206
[31,   16] loss: 0.104
[31,   17] loss: 0.074
[31,   18] loss: 0.067
[31,   19] loss: 0.081
[31,   20] loss: 0.050
[31,   21] loss: 0.054
[31,   22] loss: 0.062
31
[32,    1] loss: 0.067
[32,    2] loss: 0.063
[32,    3] loss: 0.094
[32,    4] loss: 0.052
[32,    5] loss: 0.092
[32,    6] loss: 0.070
[32,    7] loss: 0.058
[32,    8] loss: 0.056
[32,    9] loss: 0.066
[32,   10] loss: 0.071
[32,   11] loss: 0.058
[32,   12] loss: 0.116
[32,   13] loss: 0.064
[32,   14] loss: 0.109
[32,   15] loss: 0.072
[32,   16] loss: 0.105
[32,   17] loss: 0.075
[32,   18] loss: 0.067
[32,   19] loss: 0.064
[32,   20] loss: 0.078
[32,   21] loss: 0.061
[32,   22] loss: 0.130
32
[33,    1] loss: 0.077
[33,    2] loss: 0.118
[33,    3] loss: 0.148
[33,    4] loss: 0.080
[33,    5] loss: 0.121
[33,    6] loss: 0.102
[33,    7] loss: 0.177
[33,    8] loss: 0.068
[33,    9] loss: 0.190
[33,   10] loss: 0.042
[33,   11] loss: 0.070
[33,   12] loss: 0.131
[33,   13] loss: 0.103
[33,   14] loss: 0.105
[33,   15] loss: 0.117
[33,   16] loss: 0.063
[33,   17] loss: 0.105
[33,   18] loss: 0.089
[33,   19] loss: 0.088
[33,   20] loss: 0.069
[33,   21] loss: 0.153
[33,   22] loss: 0.093
33
[34,    1] loss: 0.090
[34,    2] loss: 0.042
[34,    3] loss: 0.189
[34,    4] loss: 0.079
[34,    5] loss: 0.212
[34,    6] loss: 0.051
[34,    7] loss: 0.151
[34,    8] loss: 0.049
[34,    9] loss: 0.136
[34,   10] loss: 0.061
[34,   11] loss: 0.057
[34,   12] loss: 0.065
[34,   13] loss: 0.117
[34,   14] loss: 0.074
[34,   15] loss: 0.080
[34,   16] loss: 0.132
[34,   17] loss: 0.099
[34,   18] loss: 0.155
[34,   19] loss: 0.071
[34,   20] loss: 0.230
[34,   21] loss: 0.112
[34,   22] loss: 0.209
34
[35,    1] loss: 0.089
[35,    2] loss: 0.124
[35,    3] loss: 0.051
[35,    4] loss: 0.137
[35,    5] loss: 0.078
[35,    6] loss: 0.090
[35,    7] loss: 0.071
[35,    8] loss: 0.096
[35,    9] loss: 0.062
[35,   10] loss: 0.049
[35,   11] loss: 0.103
[35,   12] loss: 0.080
[35,   13] loss: 0.096
[35,   14] loss: 0.043
[35,   15] loss: 0.066
[35,   16] loss: 0.073
[35,   17] loss: 0.077
[35,   18] loss: 0.107
[35,   19] loss: 0.085
[35,   20] loss: 0.071
[35,   21] loss: 0.085
[35,   22] loss: 0.144
35
[36,    1] loss: 0.089
[36,    2] loss: 0.045
[36,    3] loss: 0.063
[36,    4] loss: 0.096
[36,    5] loss: 0.067
[36,    6] loss: 0.092
[36,    7] loss: 0.077
[36,    8] loss: 0.065
[36,    9] loss: 0.072
[36,   10] loss: 0.044
[36,   11] loss: 0.074
[36,   12] loss: 0.055
[36,   13] loss: 0.050
[36,   14] loss: 0.066
[36,   15] loss: 0.066
[36,   16] loss: 0.081
[36,   17] loss: 0.076
[36,   18] loss: 0.075
[36,   19] loss: 0.031
[36,   20] loss: 0.058
[36,   21] loss: 0.074
[36,   22] loss: 0.091
36
[37,    1] loss: 0.065
[37,    2] loss: 0.130
[37,    3] loss: 0.071
[37,    4] loss: 0.125
[37,    5] loss: 0.054
[37,    6] loss: 0.114
[37,    7] loss: 0.046
[37,    8] loss: 0.055
[37,    9] loss: 0.072
[37,   10] loss: 0.088
[37,   11] loss: 0.085
[37,   12] loss: 0.050
[37,   13] loss: 0.042
[37,   14] loss: 0.063
[37,   15] loss: 0.059
[37,   16] loss: 0.061
[37,   17] loss: 0.058
[37,   18] loss: 0.065
[37,   19] loss: 0.057
[37,   20] loss: 0.084
[37,   21] loss: 0.035
[37,   22] loss: 0.043
37
[38,    1] loss: 0.051
[38,    2] loss: 0.072
[38,    3] loss: 0.044
[38,    4] loss: 0.058
[38,    5] loss: 0.078
[38,    6] loss: 0.054
[38,    7] loss: 0.060
[38,    8] loss: 0.072
[38,    9] loss: 0.061
[38,   10] loss: 0.060
[38,   11] loss: 0.064
[38,   12] loss: 0.072
[38,   13] loss: 0.049
[38,   14] loss: 0.048
[38,   15] loss: 0.154
[38,   16] loss: 0.047
[38,   17] loss: 0.217
[38,   18] loss: 0.080
[38,   19] loss: 0.135
[38,   20] loss: 0.044
[38,   21] loss: 0.149
[38,   22] loss: 0.044
38
[39,    1] loss: 0.136
[39,    2] loss: 0.038
[39,    3] loss: 0.138
[39,    4] loss: 0.080
[39,    5] loss: 0.073
[39,    6] loss: 0.092
[39,    7] loss: 0.068
[39,    8] loss: 0.091
[39,    9] loss: 0.063
[39,   10] loss: 0.048
[39,   11] loss: 0.053
[39,   12] loss: 0.036
[39,   13] loss: 0.067
[39,   14] loss: 0.070
[39,   15] loss: 0.091
[39,   16] loss: 0.105
[39,   17] loss: 0.137
[39,   18] loss: 0.055
[39,   19] loss: 0.062
[39,   20] loss: 0.069
[39,   21] loss: 0.068
[39,   22] loss: 0.068
39
[40,    1] loss: 0.059
[40,    2] loss: 0.096
[40,    3] loss: 0.079
[40,    4] loss: 0.089
[40,    5] loss: 0.056
[40,    6] loss: 0.053
[40,    7] loss: 0.059
[40,    8] loss: 0.192
[40,    9] loss: 0.109
[40,   10] loss: 0.167
[40,   11] loss: 0.260
[40,   12] loss: 0.089
[40,   13] loss: 0.343
[40,   14] loss: 0.038
[40,   15] loss: 0.190
[40,   16] loss: 0.056
[40,   17] loss: 0.399
[40,   18] loss: 0.069
[40,   19] loss: 0.300
[40,   20] loss: 0.089
[40,   21] loss: 0.178
[40,   22] loss: 0.055
40
[41,    1] loss: 0.082
[41,    2] loss: 0.034
[41,    3] loss: 0.174
[41,    4] loss: 0.079
[41,    5] loss: 0.060
[41,    6] loss: 0.043
[41,    7] loss: 0.084
[41,    8] loss: 0.052
[41,    9] loss: 0.115
[41,   10] loss: 0.102
[41,   11] loss: 0.029
[41,   12] loss: 0.037
[41,   13] loss: 0.053
[41,   14] loss: 0.063
[41,   15] loss: 0.091
[41,   16] loss: 0.075
[41,   17] loss: 0.073
[41,   18] loss: 0.065
[41,   19] loss: 0.070
[41,   20] loss: 0.141
[41,   21] loss: 0.070
[41,   22] loss: 0.084
41
[42,    1] loss: 0.067
[42,    2] loss: 0.063
[42,    3] loss: 0.053
[42,    4] loss: 0.048
[42,    5] loss: 0.055
[42,    6] loss: 0.065
[42,    7] loss: 0.038
[42,    8] loss: 0.083
[42,    9] loss: 0.079
[42,   10] loss: 0.056
[42,   11] loss: 0.115
[42,   12] loss: 0.100
[42,   13] loss: 0.135
[42,   14] loss: 0.223
[42,   15] loss: 0.103
[42,   16] loss: 0.139
[42,   17] loss: 0.129
[42,   18] loss: 0.150
[42,   19] loss: 0.133
[42,   20] loss: 0.068
[42,   21] loss: 0.116
[42,   22] loss: 0.065
42
[43,    1] loss: 0.049
[43,    2] loss: 0.044
[43,    3] loss: 0.054
[43,    4] loss: 0.069
[43,    5] loss: 0.091
[43,    6] loss: 0.096
[43,    7] loss: 0.051
[43,    8] loss: 0.077
[43,    9] loss: 0.077
[43,   10] loss: 0.103
[43,   11] loss: 0.077
[43,   12] loss: 0.056
[43,   13] loss: 0.037
[43,   14] loss: 0.097
[43,   15] loss: 0.044
[43,   16] loss: 0.134
[43,   17] loss: 0.160
[43,   18] loss: 0.060
[43,   19] loss: 0.150
[43,   20] loss: 0.082
[43,   21] loss: 0.212
[43,   22] loss: 0.077
43
[44,    1] loss: 0.185
[44,    2] loss: 0.099
[44,    3] loss: 0.095
[44,    4] loss: 0.122
[44,    5] loss: 0.051
[44,    6] loss: 0.076
[44,    7] loss: 0.072
[44,    8] loss: 0.206
[44,    9] loss: 0.042
[44,   10] loss: 0.211
[44,   11] loss: 0.074
[44,   12] loss: 0.248
[44,   13] loss: 0.157
[44,   14] loss: 0.110
[44,   15] loss: 0.072
[44,   16] loss: 0.077
[44,   17] loss: 0.056
[44,   18] loss: 0.102
[44,   19] loss: 0.046
[44,   20] loss: 0.142
[44,   21] loss: 0.065
[44,   22] loss: 0.046
44
[45,    1] loss: 0.067
[45,    2] loss: 0.048
[45,    3] loss: 0.086
[45,    4] loss: 0.056
[45,    5] loss: 0.108
[45,    6] loss: 0.069
[45,    7] loss: 0.119
[45,    8] loss: 0.064
[45,    9] loss: 0.137
[45,   10] loss: 0.179
[45,   11] loss: 0.110
[45,   12] loss: 0.289
[45,   13] loss: 0.093
[45,   14] loss: 0.257
[45,   15] loss: 0.115
[45,   16] loss: 0.106
[45,   17] loss: 0.094
[45,   18] loss: 0.080
[45,   19] loss: 0.131
[45,   20] loss: 0.046
[45,   21] loss: 0.100
[45,   22] loss: 0.062
45
[46,    1] loss: 0.193
[46,    2] loss: 0.076
[46,    3] loss: 0.253
[46,    4] loss: 0.153
[46,    5] loss: 0.183
[46,    6] loss: 0.150
[46,    7] loss: 0.042
[46,    8] loss: 0.076
[46,    9] loss: 0.080
[46,   10] loss: 0.244
[46,   11] loss: 0.057
[46,   12] loss: 0.278
[46,   13] loss: 0.285
[46,   14] loss: 0.071
[46,   15] loss: 0.053
[46,   16] loss: 0.043
[46,   17] loss: 0.071
[46,   18] loss: 0.083
[46,   19] loss: 0.145
[46,   20] loss: 0.068
[46,   21] loss: 0.194
[46,   22] loss: 0.076
46
[47,    1] loss: 0.094
[47,    2] loss: 0.044
[47,    3] loss: 0.136
[47,    4] loss: 0.072
[47,    5] loss: 0.090
[47,    6] loss: 0.084
[47,    7] loss: 0.062
[47,    8] loss: 0.069
[47,    9] loss: 0.188
[47,   10] loss: 0.078
[47,   11] loss: 0.166
[47,   12] loss: 0.117
[47,   13] loss: 0.093
[47,   14] loss: 0.073
[47,   15] loss: 0.182
[47,   16] loss: 0.118
[47,   17] loss: 0.237
[47,   18] loss: 0.224
[47,   19] loss: 0.129
[47,   20] loss: 0.162
[47,   21] loss: 0.049
[47,   22] loss: 0.060
47
[48,    1] loss: 0.091
[48,    2] loss: 0.127
[48,    3] loss: 0.058
[48,    4] loss: 0.150
[48,    5] loss: 0.080
[48,    6] loss: 0.064
[48,    7] loss: 0.117
[48,    8] loss: 0.071
[48,    9] loss: 0.135
[48,   10] loss: 0.087
[48,   11] loss: 0.200
[48,   12] loss: 0.055
[48,   13] loss: 0.134
[48,   14] loss: 0.091
[48,   15] loss: 0.102
[48,   16] loss: 0.087
[48,   17] loss: 0.050
[48,   18] loss: 0.085
[48,   19] loss: 0.041
[48,   20] loss: 0.091
[48,   21] loss: 0.056
[48,   22] loss: 0.070
48
[49,    1] loss: 0.128
[49,    2] loss: 0.119
[49,    3] loss: 0.185
[49,    4] loss: 0.194
[49,    5] loss: 0.091
[49,    6] loss: 0.054
[49,    7] loss: 0.100
[49,    8] loss: 0.086
[49,    9] loss: 0.124
[49,   10] loss: 0.200
[49,   11] loss: 0.098
[49,   12] loss: 0.124
[49,   13] loss: 0.061
[49,   14] loss: 0.066
[49,   15] loss: 0.045
[49,   16] loss: 0.042
[49,   17] loss: 0.049
[49,   18] loss: 0.049
[49,   19] loss: 0.062
[49,   20] loss: 0.099
[49,   21] loss: 0.058
[49,   22] loss: 0.061
49
[50,    1] loss: 0.042
[50,    2] loss: 0.045
[50,    3] loss: 0.082
[50,    4] loss: 0.086
[50,    5] loss: 0.138
[50,    6] loss: 0.055
[50,    7] loss: 0.088
[50,    8] loss: 0.058
[50,    9] loss: 0.187
[50,   10] loss: 0.221
[50,   11] loss: 0.046
[50,   12] loss: 0.139
[50,   13] loss: 0.052
[50,   14] loss: 0.231
[50,   15] loss: 0.134
[50,   16] loss: 0.153
[50,   17] loss: 0.216
[50,   18] loss: 0.141
[50,   19] loss: 0.261
[50,   20] loss: 0.126
[50,   21] loss: 0.482
[50,   22] loss: 0.047
50
[51,    1] loss: 0.218
[51,    2] loss: 0.065
[51,    3] loss: 0.152
[51,    4] loss: 0.050
[51,    5] loss: 0.114
[51,    6] loss: 0.085
[51,    7] loss: 0.062
[51,    8] loss: 0.059
[51,    9] loss: 0.160
[51,   10] loss: 0.209
[51,   11] loss: 0.097
[51,   12] loss: 0.306
[51,   13] loss: 0.045
[51,   14] loss: 0.343
[51,   15] loss: 0.105
[51,   16] loss: 0.193
[51,   17] loss: 0.126
[51,   18] loss: 0.126
[51,   19] loss: 0.072
[51,   20] loss: 0.131
[51,   21] loss: 0.097
[51,   22] loss: 0.098
51
[52,    1] loss: 0.107
[52,    2] loss: 0.081
[52,    3] loss: 0.101
[52,    4] loss: 0.031
[52,    5] loss: 0.072
[52,    6] loss: 0.065
[52,    7] loss: 0.069
[52,    8] loss: 0.052
[52,    9] loss: 0.077
[52,   10] loss: 0.045
[52,   11] loss: 0.031
[52,   12] loss: 0.182
[52,   13] loss: 0.123
[52,   14] loss: 0.135
[52,   15] loss: 0.237
[52,   16] loss: 0.099
[52,   17] loss: 0.278
[52,   18] loss: 0.054
[52,   19] loss: 0.088
[52,   20] loss: 0.046
[52,   21] loss: 0.126
[52,   22] loss: 0.043
52
[53,    1] loss: 0.140
[53,    2] loss: 0.113
[53,    3] loss: 0.117
[53,    4] loss: 0.293
[53,    5] loss: 0.073
[53,    6] loss: 0.227
[53,    7] loss: 0.049
[53,    8] loss: 0.212
[53,    9] loss: 0.117
[53,   10] loss: 0.098
[53,   11] loss: 0.120
[53,   12] loss: 0.053
[53,   13] loss: 0.149
[53,   14] loss: 0.075
[53,   15] loss: 0.044
[53,   16] loss: 0.032
[53,   17] loss: 0.035
[53,   18] loss: 0.100
[53,   19] loss: 0.072
[53,   20] loss: 0.072
[53,   21] loss: 0.142
[53,   22] loss: 0.066
53
[54,    1] loss: 0.049
[54,    2] loss: 0.057
[54,    3] loss: 0.042
[54,    4] loss: 0.078
[54,    5] loss: 0.025
[54,    6] loss: 0.051
[54,    7] loss: 0.061
[54,    8] loss: 0.071
[54,    9] loss: 0.103
[54,   10] loss: 0.114
[54,   11] loss: 0.041
[54,   12] loss: 0.109
[54,   13] loss: 0.196
[54,   14] loss: 0.088
[54,   15] loss: 0.073
[54,   16] loss: 0.049
[54,   17] loss: 0.046
[54,   18] loss: 0.076
[54,   19] loss: 0.073
[54,   20] loss: 0.073
[54,   21] loss: 0.075
[54,   22] loss: 0.065
54
[55,    1] loss: 0.046
[55,    2] loss: 0.100
[55,    3] loss: 0.201
[55,    4] loss: 0.157
[55,    5] loss: 0.047
[55,    6] loss: 0.147
[55,    7] loss: 0.057
[55,    8] loss: 0.145
[55,    9] loss: 0.147
[55,   10] loss: 0.093
[55,   11] loss: 0.071
[55,   12] loss: 0.046
[55,   13] loss: 0.043
[55,   14] loss: 0.059
[55,   15] loss: 0.052
[55,   16] loss: 0.088
[55,   17] loss: 0.042
[55,   18] loss: 0.080
[55,   19] loss: 0.075
[55,   20] loss: 0.066
[55,   21] loss: 0.103
[55,   22] loss: 0.071
55
[56,    1] loss: 0.059
[56,    2] loss: 0.054
[56,    3] loss: 0.054
[56,    4] loss: 0.051
[56,    5] loss: 0.173
[56,    6] loss: 0.125
[56,    7] loss: 0.078
[56,    8] loss: 0.068
[56,    9] loss: 0.082
[56,   10] loss: 0.106
[56,   11] loss: 0.098
[56,   12] loss: 0.030
[56,   13] loss: 0.070
[56,   14] loss: 0.044
[56,   15] loss: 0.065
[56,   16] loss: 0.077
[56,   17] loss: 0.048
[56,   18] loss: 0.070
[56,   19] loss: 0.128
[56,   20] loss: 0.075
[56,   21] loss: 0.052
[56,   22] loss: 0.073
56
[57,    1] loss: 0.065
[57,    2] loss: 0.038
[57,    3] loss: 0.036
[57,    4] loss: 0.071
[57,    5] loss: 0.074
[57,    6] loss: 0.086
[57,    7] loss: 0.068
[57,    8] loss: 0.054
[57,    9] loss: 0.061
[57,   10] loss: 0.067
[57,   11] loss: 0.050
[57,   12] loss: 0.156
[57,   13] loss: 0.104
[57,   14] loss: 0.067
[57,   15] loss: 0.341
[57,   16] loss: 0.224
[57,   17] loss: 0.115
[57,   18] loss: 0.354
[57,   19] loss: 0.045
[57,   20] loss: 0.394
[57,   21] loss: 0.114
[57,   22] loss: 0.242
57
[58,    1] loss: 0.114
[58,    2] loss: 0.382
[58,    3] loss: 0.528
[58,    4] loss: 0.061
[58,    5] loss: 0.459
[58,    6] loss: 0.136
[58,    7] loss: 0.151
[58,    8] loss: 0.156
[58,    9] loss: 0.109
[58,   10] loss: 0.124
[58,   11] loss: 0.182
[58,   12] loss: 0.257
[58,   13] loss: 0.083
[58,   14] loss: 0.340
[58,   15] loss: 0.058
[58,   16] loss: 0.227
[58,   17] loss: 0.066
[58,   18] loss: 0.477
[58,   19] loss: 0.350
[58,   20] loss: 0.406
[58,   21] loss: 0.902
[58,   22] loss: 0.038
58
[59,    1] loss: 0.575
[59,    2] loss: 0.070
[59,    3] loss: 0.515
[59,    4] loss: 0.342
[59,    5] loss: 0.109
[59,    6] loss: 0.253
[59,    7] loss: 0.096
[59,    8] loss: 0.394
[59,    9] loss: 0.061
[59,   10] loss: 0.394
[59,   11] loss: 0.172
[59,   12] loss: 0.104
[59,   13] loss: 0.268
[59,   14] loss: 0.078
[59,   15] loss: 0.374
[59,   16] loss: 0.145
[59,   17] loss: 0.178
[59,   18] loss: 0.162
[59,   19] loss: 0.112
[59,   20] loss: 0.352
[59,   21] loss: 0.096
[59,   22] loss: 0.756
59
[60,    1] loss: 0.396
[60,    2] loss: 0.213
[60,    3] loss: 0.286
[60,    4] loss: 0.126
[60,    5] loss: 0.309
[60,    6] loss: 0.051
[60,    7] loss: 0.199
[60,    8] loss: 0.167
[60,    9] loss: 0.121
[60,   10] loss: 0.144
[60,   11] loss: 0.084
[60,   12] loss: 0.302
[60,   13] loss: 0.129
[60,   14] loss: 0.172
[60,   15] loss: 0.190
[60,   16] loss: 0.039
[60,   17] loss: 0.083
[60,   18] loss: 0.055
[60,   19] loss: 0.109
[60,   20] loss: 0.071
[60,   21] loss: 0.134
[60,   22] loss: 0.172
60
[61,    1] loss: 0.064
[61,    2] loss: 0.206
[61,    3] loss: 0.044
[61,    4] loss: 0.233
[61,    5] loss: 0.061
[61,    6] loss: 0.307
[61,    7] loss: 0.252
[61,    8] loss: 0.065
[61,    9] loss: 0.187
[61,   10] loss: 0.057
[61,   11] loss: 0.110
[61,   12] loss: 0.108
[61,   13] loss: 0.268
[61,   14] loss: 0.083
[61,   15] loss: 0.128
[61,   16] loss: 0.101
[61,   17] loss: 0.054
[61,   18] loss: 0.098
[61,   19] loss: 0.060
[61,   20] loss: 0.121
[61,   21] loss: 0.033
[61,   22] loss: 0.142
61
[62,    1] loss: 0.073
[62,    2] loss: 0.150
[62,    3] loss: 0.126
[62,    4] loss: 0.108
[62,    5] loss: 0.184
[62,    6] loss: 0.047
[62,    7] loss: 0.171
[62,    8] loss: 0.057
[62,    9] loss: 0.114
[62,   10] loss: 0.061
[62,   11] loss: 0.083
[62,   12] loss: 0.067
[62,   13] loss: 0.094
[62,   14] loss: 0.229
[62,   15] loss: 0.072
[62,   16] loss: 0.364
[62,   17] loss: 0.177
[62,   18] loss: 0.106
[62,   19] loss: 0.184
[62,   20] loss: 0.050
[62,   21] loss: 0.054
[62,   22] loss: 0.068
62
[63,    1] loss: 0.148
[63,    2] loss: 0.048
[63,    3] loss: 0.097
[63,    4] loss: 0.059
[63,    5] loss: 0.095
[63,    6] loss: 0.071
[63,    7] loss: 0.102
[63,    8] loss: 0.160
[63,    9] loss: 0.086
[63,   10] loss: 0.224
[63,   11] loss: 0.054
[63,   12] loss: 0.077
[63,   13] loss: 0.065
[63,   14] loss: 0.118
[63,   15] loss: 0.065
[63,   16] loss: 0.052
[63,   17] loss: 0.063
[63,   18] loss: 0.061
[63,   19] loss: 0.048
[63,   20] loss: 0.055
[63,   21] loss: 0.063
[63,   22] loss: 0.058
63
[64,    1] loss: 0.087
[64,    2] loss: 0.049
[64,    3] loss: 0.073
[64,    4] loss: 0.049
[64,    5] loss: 0.046
[64,    6] loss: 0.066
[64,    7] loss: 0.057
[64,    8] loss: 0.085
[64,    9] loss: 0.028
[64,   10] loss: 0.068
[64,   11] loss: 0.031
[64,   12] loss: 0.053
[64,   13] loss: 0.079
[64,   14] loss: 0.074
[64,   15] loss: 0.051
[64,   16] loss: 0.056
[64,   17] loss: 0.081
[64,   18] loss: 0.120
[64,   19] loss: 0.061
[64,   20] loss: 0.106
[64,   21] loss: 0.089
[64,   22] loss: 0.066
64
[65,    1] loss: 0.104
[65,    2] loss: 0.070
[65,    3] loss: 0.073
[65,    4] loss: 0.086
[65,    5] loss: 0.064
[65,    6] loss: 0.100
[65,    7] loss: 0.068
[65,    8] loss: 0.228
[65,    9] loss: 0.041
[65,   10] loss: 0.416
[65,   11] loss: 0.248
[65,   12] loss: 0.113
[65,   13] loss: 0.282
[65,   14] loss: 0.075
[65,   15] loss: 0.090
[65,   16] loss: 0.068
[65,   17] loss: 0.069
[65,   18] loss: 0.196
[65,   19] loss: 0.133
[65,   20] loss: 0.086
[65,   21] loss: 0.060
[65,   22] loss: 0.061
65
[66,    1] loss: 0.049
[66,    2] loss: 0.062
[66,    3] loss: 0.093
[66,    4] loss: 0.053
[66,    5] loss: 0.093
[66,    6] loss: 0.048
[66,    7] loss: 0.110
[66,    8] loss: 0.171
[66,    9] loss: 0.044
[66,   10] loss: 0.132
[66,   11] loss: 0.078
[66,   12] loss: 0.047
[66,   13] loss: 0.049
[66,   14] loss: 0.057
[66,   15] loss: 0.123
[66,   16] loss: 0.106
[66,   17] loss: 0.063
[66,   18] loss: 0.035
[66,   19] loss: 0.061
[66,   20] loss: 0.092
[66,   21] loss: 0.163
[66,   22] loss: 0.088
66
[67,    1] loss: 0.045
[67,    2] loss: 0.037
[67,    3] loss: 0.030
[67,    4] loss: 0.056
[67,    5] loss: 0.086
[67,    6] loss: 0.080
[67,    7] loss: 0.046
[67,    8] loss: 0.090
[67,    9] loss: 0.152
[67,   10] loss: 0.072
[67,   11] loss: 0.089
[67,   12] loss: 0.107
[67,   13] loss: 0.065
[67,   14] loss: 0.068
[67,   15] loss: 0.058
[67,   16] loss: 0.089
[67,   17] loss: 0.079
[67,   18] loss: 0.073
[67,   19] loss: 0.133
[67,   20] loss: 0.091
[67,   21] loss: 0.423
[67,   22] loss: 0.102
67
[68,    1] loss: 0.162
[68,    2] loss: 0.176
[68,    3] loss: 0.155
[68,    4] loss: 0.167
[68,    5] loss: 0.134
[68,    6] loss: 0.212
[68,    7] loss: 0.103
[68,    8] loss: 0.568
[68,    9] loss: 0.191
[68,   10] loss: 0.349
[68,   11] loss: 0.562
[68,   12] loss: 0.066
[68,   13] loss: 0.472
[68,   14] loss: 0.073
[68,   15] loss: 0.281
[68,   16] loss: 0.279
[68,   17] loss: 0.065
[68,   18] loss: 0.363
[68,   19] loss: 0.089
[68,   20] loss: 0.312
[68,   21] loss: 0.377
[68,   22] loss: 0.044
68
[69,    1] loss: 0.492
[69,    2] loss: 0.112
[69,    3] loss: 0.272
[69,    4] loss: 0.336
[69,    5] loss: 0.040
[69,    6] loss: 0.184
[69,    7] loss: 0.086
[69,    8] loss: 0.244
[69,    9] loss: 0.384
[69,   10] loss: 0.091
[69,   11] loss: 0.400
[69,   12] loss: 0.518
[69,   13] loss: 0.120
[69,   14] loss: 0.190
[69,   15] loss: 0.256
[69,   16] loss: 0.081
[69,   17] loss: 0.428
[69,   18] loss: 0.133
[69,   19] loss: 0.207
[69,   20] loss: 0.085
[69,   21] loss: 0.326
[69,   22] loss: 0.432
69
[70,    1] loss: 0.051
[70,    2] loss: 0.382
[70,    3] loss: 0.128
[70,    4] loss: 0.345
[70,    5] loss: 0.620
[70,    6] loss: 0.056
[70,    7] loss: 0.395
[70,    8] loss: 0.319
[70,    9] loss: 0.086
[70,   10] loss: 0.422
[70,   11] loss: 0.157
[70,   12] loss: 0.136
[70,   13] loss: 0.189
[70,   14] loss: 0.095
[70,   15] loss: 0.384
[70,   16] loss: 0.130
[70,   17] loss: 0.111
[70,   18] loss: 0.127
[70,   19] loss: 0.061
[70,   20] loss: 0.095
[70,   21] loss: 0.046
[70,   22] loss: 0.120
70
[71,    1] loss: 0.043
[71,    2] loss: 0.103
[71,    3] loss: 0.147
[71,    4] loss: 0.057
[71,    5] loss: 0.174
[71,    6] loss: 0.078
[71,    7] loss: 0.135
[71,    8] loss: 0.129
[71,    9] loss: 0.046
[71,   10] loss: 0.055
[71,   11] loss: 0.067
[71,   12] loss: 0.040
[71,   13] loss: 0.100
[71,   14] loss: 0.077
[71,   15] loss: 0.072
[71,   16] loss: 0.045
[71,   17] loss: 0.067
[71,   18] loss: 0.109
[71,   19] loss: 0.046
[71,   20] loss: 0.112
[71,   21] loss: 0.047
[71,   22] loss: 0.161
71
[72,    1] loss: 0.128
[72,    2] loss: 0.170
[72,    3] loss: 0.727
[72,    4] loss: 0.240
[72,    5] loss: 0.164
[72,    6] loss: 0.310
[72,    7] loss: 0.028
[72,    8] loss: 0.246
[72,    9] loss: 0.143
[72,   10] loss: 0.111
[72,   11] loss: 0.236
[72,   12] loss: 0.046
[72,   13] loss: 0.211
[72,   14] loss: 0.278
[72,   15] loss: 0.078
[72,   16] loss: 0.409
[72,   17] loss: 0.167
[72,   18] loss: 0.410
[72,   19] loss: 0.889
[72,   20] loss: 0.033
[72,   21] loss: 0.647
[72,   22] loss: 0.153
72
[73,    1] loss: 0.331
[73,    2] loss: 0.448
[73,    3] loss: 0.048
[73,    4] loss: 0.425
[73,    5] loss: 0.058
[73,    6] loss: 0.469
[73,    7] loss: 0.363
[73,    8] loss: 0.091
[73,    9] loss: 0.340
[73,   10] loss: 0.094
[73,   11] loss: 0.164
[73,   12] loss: 0.138
[73,   13] loss: 0.243
[73,   14] loss: 0.071
[73,   15] loss: 0.265
[73,   16] loss: 0.122
[73,   17] loss: 0.173
[73,   18] loss: 0.186
[73,   19] loss: 0.194
[73,   20] loss: 0.494
[73,   21] loss: 0.155
[73,   22] loss: 0.179
73
[74,    1] loss: 0.177
[74,    2] loss: 0.085
[74,    3] loss: 0.172
[74,    4] loss: 0.029
[74,    5] loss: 0.137
[74,    6] loss: 0.108
[74,    7] loss: 0.088
[74,    8] loss: 0.062
[74,    9] loss: 0.053
[74,   10] loss: 0.076
[74,   11] loss: 0.045
[74,   12] loss: 0.115
[74,   13] loss: 0.132
[74,   14] loss: 0.117
[74,   15] loss: 0.068
[74,   16] loss: 0.059
[74,   17] loss: 0.161
[74,   18] loss: 0.140
[74,   19] loss: 0.044
[74,   20] loss: 0.080
[74,   21] loss: 0.084
[74,   22] loss: 0.297
74
[75,    1] loss: 0.079
[75,    2] loss: 0.164
[75,    3] loss: 0.114
[75,    4] loss: 0.154
[75,    5] loss: 0.224
[75,    6] loss: 0.060
[75,    7] loss: 0.145
[75,    8] loss: 0.060
[75,    9] loss: 0.108
[75,   10] loss: 0.045
[75,   11] loss: 0.042
[75,   12] loss: 0.082
[75,   13] loss: 0.047
[75,   14] loss: 0.095
[75,   15] loss: 0.059
[75,   16] loss: 0.125
[75,   17] loss: 0.031
[75,   18] loss: 0.129
[75,   19] loss: 0.097
[75,   20] loss: 0.074
[75,   21] loss: 0.181
[75,   22] loss: 0.092
75
[76,    1] loss: 0.033
[76,    2] loss: 0.054
[76,    3] loss: 0.052
[76,    4] loss: 0.178
[76,    5] loss: 0.075
[76,    6] loss: 0.074
[76,    7] loss: 0.065
[76,    8] loss: 0.034
[76,    9] loss: 0.035
[76,   10] loss: 0.052
[76,   11] loss: 0.059
[76,   12] loss: 0.045
[76,   13] loss: 0.058
[76,   14] loss: 0.153
[76,   15] loss: 0.045
[76,   16] loss: 0.132
[76,   17] loss: 0.096
[76,   18] loss: 0.083
[76,   19] loss: 0.190
[76,   20] loss: 0.072
[76,   21] loss: 0.124
[76,   22] loss: 0.199
76
[77,    1] loss: 0.060
[77,    2] loss: 0.269
[77,    3] loss: 0.149
[77,    4] loss: 0.077
[77,    5] loss: 0.241
[77,    6] loss: 0.085
[77,    7] loss: 0.078
[77,    8] loss: 0.069
[77,    9] loss: 0.057
[77,   10] loss: 0.129
[77,   11] loss: 0.045
[77,   12] loss: 0.090
[77,   13] loss: 0.112
[77,   14] loss: 0.089
[77,   15] loss: 0.225
[77,   16] loss: 0.100
[77,   17] loss: 0.076
[77,   18] loss: 0.116
[77,   19] loss: 0.110
[77,   20] loss: 0.343
[77,   21] loss: 0.191
[77,   22] loss: 0.274
77
[78,    1] loss: 0.310
[78,    2] loss: 0.038
[78,    3] loss: 0.141
[78,    4] loss: 0.135
[78,    5] loss: 0.163
[78,    6] loss: 0.175
[78,    7] loss: 0.075
[78,    8] loss: 0.394
[78,    9] loss: 0.244
[78,   10] loss: 0.040
[78,   11] loss: 0.313
[78,   12] loss: 0.140
[78,   13] loss: 0.200
[78,   14] loss: 0.441
[78,   15] loss: 0.087
[78,   16] loss: 0.642
[78,   17] loss: 0.114
[78,   18] loss: 0.398
[78,   19] loss: 0.697
[78,   20] loss: 0.099
[78,   21] loss: 0.261
[78,   22] loss: 0.330
78
[79,    1] loss: 0.067
[79,    2] loss: 0.148
[79,    3] loss: 0.181
[79,    4] loss: 0.075
[79,    5] loss: 0.064
[79,    6] loss: 0.046
[79,    7] loss: 0.034
[79,    8] loss: 0.068
[79,    9] loss: 0.055
[79,   10] loss: 0.086
[79,   11] loss: 0.094
[79,   12] loss: 0.062
[79,   13] loss: 0.083
[79,   14] loss: 0.268
[79,   15] loss: 0.108
[79,   16] loss: 0.069
[79,   17] loss: 0.097
[79,   18] loss: 0.069
[79,   19] loss: 0.108
[79,   20] loss: 0.137
[79,   21] loss: 0.069
[79,   22] loss: 0.197
79
[80,    1] loss: 0.063
[80,    2] loss: 0.199
[80,    3] loss: 0.216
[80,    4] loss: 0.076
[80,    5] loss: 0.384
[80,    6] loss: 0.119
[80,    7] loss: 0.127
[80,    8] loss: 0.365
[80,    9] loss: 0.126
[80,   10] loss: 0.150
[80,   11] loss: 0.308
[80,   12] loss: 0.074
[80,   13] loss: 0.451
[80,   14] loss: 0.071
[80,   15] loss: 0.435
[80,   16] loss: 0.362
[80,   17] loss: 0.190
[80,   18] loss: 0.531
[80,   19] loss: 0.085
[80,   20] loss: 0.263
[80,   21] loss: 0.373
[80,   22] loss: 0.088
80
[81,    1] loss: 0.423
[81,    2] loss: 0.275
[81,    3] loss: 0.131
[81,    4] loss: 0.437
[81,    5] loss: 0.081
[81,    6] loss: 0.325
[81,    7] loss: 0.099
[81,    8] loss: 0.553
[81,    9] loss: 0.904
[81,   10] loss: 0.077
[81,   11] loss: 0.375
[81,   12] loss: 0.056
[81,   13] loss: 0.509
[81,   14] loss: 0.342
[81,   15] loss: 0.168
[81,   16] loss: 0.459
[81,   17] loss: 0.103
[81,   18] loss: 0.177
[81,   19] loss: 0.061
[81,   20] loss: 0.032
[81,   21] loss: 0.057
[81,   22] loss: 0.088
81
[82,    1] loss: 0.122
[82,    2] loss: 0.118
[82,    3] loss: 0.051
[82,    4] loss: 0.240
[82,    5] loss: 0.275
[82,    6] loss: 0.088
[82,    7] loss: 0.348
[82,    8] loss: 0.175
[82,    9] loss: 0.102
[82,   10] loss: 0.193
[82,   11] loss: 0.086
[82,   12] loss: 0.232
[82,   13] loss: 0.210
[82,   14] loss: 0.067
[82,   15] loss: 0.098
[82,   16] loss: 0.039
[82,   17] loss: 0.100
[82,   18] loss: 0.052
[82,   19] loss: 0.101
[82,   20] loss: 0.111
[82,   21] loss: 0.051
[82,   22] loss: 0.119
82
[83,    1] loss: 0.079
[83,    2] loss: 0.114
[83,    3] loss: 0.266
[83,    4] loss: 0.076
[83,    5] loss: 0.083
[83,    6] loss: 0.079
[83,    7] loss: 0.039
[83,    8] loss: 0.050
[83,    9] loss: 0.071
[83,   10] loss: 0.049
[83,   11] loss: 0.072
[83,   12] loss: 0.115
[83,   13] loss: 0.194
[83,   14] loss: 0.028
[83,   15] loss: 0.140
[83,   16] loss: 0.070
[83,   17] loss: 0.153
[83,   18] loss: 0.184
[83,   19] loss: 0.054
[83,   20] loss: 0.135
[83,   21] loss: 0.082
[83,   22] loss: 0.061
83
[84,    1] loss: 0.107
[84,    2] loss: 0.064
[84,    3] loss: 0.237
[84,    4] loss: 0.122
[84,    5] loss: 0.072
[84,    6] loss: 0.219
[84,    7] loss: 0.087
[84,    8] loss: 0.102
[84,    9] loss: 0.109
[84,   10] loss: 0.079
[84,   11] loss: 0.081
[84,   12] loss: 0.046
[84,   13] loss: 0.157
[84,   14] loss: 0.093
[84,   15] loss: 0.123
[84,   16] loss: 0.091
[84,   17] loss: 0.074
[84,   18] loss: 0.115
[84,   19] loss: 0.046
[84,   20] loss: 0.051
[84,   21] loss: 0.082
[84,   22] loss: 0.068
84
[85,    1] loss: 0.067
[85,    2] loss: 0.043
[85,    3] loss: 0.044
[85,    4] loss: 0.039
[85,    5] loss: 0.034
[85,    6] loss: 0.064
[85,    7] loss: 0.090
[85,    8] loss: 0.036
[85,    9] loss: 0.059
[85,   10] loss: 0.064
[85,   11] loss: 0.043
[85,   12] loss: 0.060
[85,   13] loss: 0.080
[85,   14] loss: 0.073
[85,   15] loss: 0.247
[85,   16] loss: 0.091
[85,   17] loss: 0.074
[85,   18] loss: 0.048
[85,   19] loss: 0.104
[85,   20] loss: 0.080
[85,   21] loss: 0.054
[85,   22] loss: 0.151
85
[86,    1] loss: 0.134
[86,    2] loss: 0.062
[86,    3] loss: 0.165
[86,    4] loss: 0.086
[86,    5] loss: 0.096
[86,    6] loss: 0.227
[86,    7] loss: 0.034
[86,    8] loss: 0.188
[86,    9] loss: 0.088
[86,   10] loss: 0.093
[86,   11] loss: 0.129
[86,   12] loss: 0.037
[86,   13] loss: 0.051
[86,   14] loss: 0.047
[86,   15] loss: 0.088
[86,   16] loss: 0.072
[86,   17] loss: 0.051
[86,   18] loss: 0.061
[86,   19] loss: 0.069
[86,   20] loss: 0.045
[86,   21] loss: 0.052
[86,   22] loss: 0.072
86
[87,    1] loss: 0.059
[87,    2] loss: 0.057
[87,    3] loss: 0.118
[87,    4] loss: 0.071
[87,    5] loss: 0.079
[87,    6] loss: 0.209
[87,    7] loss: 0.055
[87,    8] loss: 0.088
[87,    9] loss: 0.121
[87,   10] loss: 0.067
[87,   11] loss: 0.069
[87,   12] loss: 0.123
[87,   13] loss: 0.173
[87,   14] loss: 0.064
[87,   15] loss: 0.061
[87,   16] loss: 0.165
[87,   17] loss: 0.078
[87,   18] loss: 0.060
[87,   19] loss: 0.235
[87,   20] loss: 0.074
[87,   21] loss: 0.074
[87,   22] loss: 0.225
87
[88,    1] loss: 0.076
[88,    2] loss: 0.155
[88,    3] loss: 0.167
[88,    4] loss: 0.065
[88,    5] loss: 0.274
[88,    6] loss: 0.069
[88,    7] loss: 0.265
[88,    8] loss: 0.390
[88,    9] loss: 0.053
[88,   10] loss: 0.342
[88,   11] loss: 0.133
[88,   12] loss: 0.071
[88,   13] loss: 0.082
[88,   14] loss: 0.103
[88,   15] loss: 0.138
[88,   16] loss: 0.045
[88,   17] loss: 0.247
[88,   18] loss: 0.076
[88,   19] loss: 0.201
[88,   20] loss: 0.248
[88,   21] loss: 0.069
[88,   22] loss: 0.365
88
[89,    1] loss: 0.145
[89,    2] loss: 0.056
[89,    3] loss: 0.086
[89,    4] loss: 0.079
[89,    5] loss: 0.141
[89,    6] loss: 0.066
[89,    7] loss: 0.051
[89,    8] loss: 0.051
[89,    9] loss: 0.092
[89,   10] loss: 0.058
[89,   11] loss: 0.034
[89,   12] loss: 0.032
[89,   13] loss: 0.085
[89,   14] loss: 0.140
[89,   15] loss: 0.040
[89,   16] loss: 0.112
[89,   17] loss: 0.107
[89,   18] loss: 0.062
[89,   19] loss: 0.213
[89,   20] loss: 0.075
[89,   21] loss: 0.109
[89,   22] loss: 0.102
89
[90,    1] loss: 0.046
[90,    2] loss: 0.145
[90,    3] loss: 0.162
[90,    4] loss: 0.100
[90,    5] loss: 0.126
[90,    6] loss: 0.083
[90,    7] loss: 0.054
[90,    8] loss: 0.046
[90,    9] loss: 0.041
[90,   10] loss: 0.066
[90,   11] loss: 0.062
[90,   12] loss: 0.098
[90,   13] loss: 0.072
[90,   14] loss: 0.054
[90,   15] loss: 0.025
[90,   16] loss: 0.060
[90,   17] loss: 0.063
[90,   18] loss: 0.065
[90,   19] loss: 0.270
[90,   20] loss: 0.325
[90,   21] loss: 0.095
[90,   22] loss: 0.053
90
[91,    1] loss: 0.063
[91,    2] loss: 0.058
[91,    3] loss: 0.064
[91,    4] loss: 0.052
[91,    5] loss: 0.080
[91,    6] loss: 0.062
[91,    7] loss: 0.106
[91,    8] loss: 0.082
[91,    9] loss: 0.128
[91,   10] loss: 0.268
[91,   11] loss: 0.051
[91,   12] loss: 0.195
[91,   13] loss: 0.137
[91,   14] loss: 0.061
[91,   15] loss: 0.043
[91,   16] loss: 0.041
[91,   17] loss: 0.047
[91,   18] loss: 0.054
[91,   19] loss: 0.092
[91,   20] loss: 0.182
[91,   21] loss: 0.059
[91,   22] loss: 0.128
91
[92,    1] loss: 0.266
[92,    2] loss: 0.100
[92,    3] loss: 0.107
[92,    4] loss: 0.137
[92,    5] loss: 0.075
[92,    6] loss: 0.074
[92,    7] loss: 0.038
[92,    8] loss: 0.077
[92,    9] loss: 0.099
[92,   10] loss: 0.086
[92,   11] loss: 0.071
[92,   12] loss: 0.137
[92,   13] loss: 0.133
[92,   14] loss: 0.127
[92,   15] loss: 0.127
[92,   16] loss: 0.076
[92,   17] loss: 0.093
[92,   18] loss: 0.120
[92,   19] loss: 0.046
[92,   20] loss: 0.133
[92,   21] loss: 0.091
[92,   22] loss: 0.057
92
[93,    1] loss: 0.091
[93,    2] loss: 0.089
[93,    3] loss: 0.278
[93,    4] loss: 0.273
[93,    5] loss: 0.053
[93,    6] loss: 0.201
[93,    7] loss: 0.200
[93,    8] loss: 0.057
[93,    9] loss: 0.155
[93,   10] loss: 0.108
[93,   11] loss: 0.079
[93,   12] loss: 0.117
[93,   13] loss: 0.101
[93,   14] loss: 0.325
[93,   15] loss: 0.160
[93,   16] loss: 0.087
[93,   17] loss: 0.222
[93,   18] loss: 0.044
[93,   19] loss: 0.217
[93,   20] loss: 0.328
[93,   21] loss: 0.052
[93,   22] loss: 0.242
93
[94,    1] loss: 0.223
[94,    2] loss: 0.058
[94,    3] loss: 0.136
[94,    4] loss: 0.077
[94,    5] loss: 0.093
[94,    6] loss: 0.092
[94,    7] loss: 0.036
[94,    8] loss: 0.040
[94,    9] loss: 0.044
[94,   10] loss: 0.076
[94,   11] loss: 0.060
[94,   12] loss: 0.052
[94,   13] loss: 0.090
[94,   14] loss: 0.125
[94,   15] loss: 0.085
[94,   16] loss: 0.083
[94,   17] loss: 0.047
[94,   18] loss: 0.039
[94,   19] loss: 0.057
[94,   20] loss: 0.060
[94,   21] loss: 0.085
[94,   22] loss: 0.056
94
[95,    1] loss: 0.070
[95,    2] loss: 0.111
[95,    3] loss: 0.059
[95,    4] loss: 0.070
[95,    5] loss: 0.034
[95,    6] loss: 0.081
[95,    7] loss: 0.103
[95,    8] loss: 0.038
[95,    9] loss: 0.049
[95,   10] loss: 0.056
[95,   11] loss: 0.063
[95,   12] loss: 0.044
[95,   13] loss: 0.114
[95,   14] loss: 0.061
[95,   15] loss: 0.111
[95,   16] loss: 0.218
[95,   17] loss: 0.057
[95,   18] loss: 0.117
[95,   19] loss: 0.207
[95,   20] loss: 0.108
[95,   21] loss: 0.070
[95,   22] loss: 0.241
95
[96,    1] loss: 0.119
[96,    2] loss: 0.086
[96,    3] loss: 0.217
[96,    4] loss: 0.052
[96,    5] loss: 0.133
[96,    6] loss: 0.210
[96,    7] loss: 0.070
[96,    8] loss: 0.074
[96,    9] loss: 0.153
[96,   10] loss: 0.168
[96,   11] loss: 0.050
[96,   12] loss: 0.071
[96,   13] loss: 0.084
[96,   14] loss: 0.105
[96,   15] loss: 0.162
[96,   16] loss: 0.104
[96,   17] loss: 0.096
[96,   18] loss: 0.123
[96,   19] loss: 0.187
[96,   20] loss: 0.104
[96,   21] loss: 0.060
[96,   22] loss: 0.119
96
[97,    1] loss: 0.085
[97,    2] loss: 0.075
[97,    3] loss: 0.090
[97,    4] loss: 0.030
[97,    5] loss: 0.050
[97,    6] loss: 0.137
[97,    7] loss: 0.109
[97,    8] loss: 0.096
[97,    9] loss: 0.091
[97,   10] loss: 0.188
[97,   11] loss: 0.050
[97,   12] loss: 0.060
[97,   13] loss: 0.086
[97,   14] loss: 0.072
[97,   15] loss: 0.069
[97,   16] loss: 0.068
[97,   17] loss: 0.063
[97,   18] loss: 0.119
[97,   19] loss: 0.185
[97,   20] loss: 0.137
[97,   21] loss: 0.050
[97,   22] loss: 0.153
97
[98,    1] loss: 0.082
[98,    2] loss: 0.088
[98,    3] loss: 0.086
[98,    4] loss: 0.031
[98,    5] loss: 0.098
[98,    6] loss: 0.181
[98,    7] loss: 0.058
[98,    8] loss: 0.210
[98,    9] loss: 0.602
[98,   10] loss: 0.253
[98,   11] loss: 0.110
[98,   12] loss: 0.448
[98,   13] loss: 0.084
[98,   14] loss: 0.255
[98,   15] loss: 0.499
[98,   16] loss: 0.098
[98,   17] loss: 0.227
[98,   18] loss: 0.223
[98,   19] loss: 0.097
[98,   20] loss: 0.683
[98,   21] loss: 0.437
[98,   22] loss: 0.086
98
[99,    1] loss: 0.506
[99,    2] loss: 0.143
[99,    3] loss: 0.633
[99,    4] loss: 0.746
[99,    5] loss: 0.043
[99,    6] loss: 0.824
[99,    7] loss: 0.539
[99,    8] loss: 0.105
[99,    9] loss: 0.828
[99,   10] loss: 0.188
[99,   11] loss: 0.449
[99,   12] loss: 1.100
[99,   13] loss: 0.150
[99,   14] loss: 0.523
[99,   15] loss: 0.652
[99,   16] loss: 0.045
[99,   17] loss: 0.572
[99,   18] loss: 0.242
[99,   19] loss: 0.094
[99,   20] loss: 0.238
[99,   21] loss: 0.050
[99,   22] loss: 0.120
99
[100,    1] loss: 0.067
[100,    2] loss: 0.067
[100,    3] loss: 0.035
[100,    4] loss: 0.110
[100,    5] loss: 0.152
[100,    6] loss: 0.067
[100,    7] loss: 0.197
[100,    8] loss: 0.069
[100,    9] loss: 0.340
[100,   10] loss: 0.445
[100,   11] loss: 0.038
[100,   12] loss: 0.395
[100,   13] loss: 0.370
[100,   14] loss: 0.047
[100,   15] loss: 0.158
[100,   16] loss: 0.068
[100,   17] loss: 0.085
[100,   18] loss: 0.135
[100,   19] loss: 0.070
[100,   20] loss: 0.154
[100,   21] loss: 0.316
[100,   22] loss: 0.046
Finished Training
Mean Squared Error on Test Set: 0.3124256139471583
