0
[1,    1] loss: 286.749
[1,    2] loss: 48.786
[1,    3] loss: 8.242
[1,    4] loss: 67.007
[1,    5] loss: 105.198
[1,    6] loss: 76.415
[1,    7] loss: 39.528
[1,    8] loss: 6.944
[1,    9] loss: 2.963
[1,   10] loss: 9.989
[1,   11] loss: 17.869
[1,   12] loss: 30.201
[1,   13] loss: 39.023
[1,   14] loss: 20.838
[1,   15] loss: 12.878
[1,   16] loss: 4.513
[1,   17] loss: 1.778
[1,   18] loss: 4.842
[1,   19] loss: 11.194
[1,   20] loss: 16.859
[1,   21] loss: 14.715
[1,   22] loss: 8.073
1
[2,    1] loss: 3.529
[2,    2] loss: 1.306
[2,    3] loss: 0.991
[2,    4] loss: 3.721
[2,    5] loss: 5.335
[2,    6] loss: 7.380
[2,    7] loss: 5.804
[2,    8] loss: 2.656
[2,    9] loss: 0.940
[2,   10] loss: 0.296
[2,   11] loss: 1.055
[2,   12] loss: 2.436
[2,   13] loss: 2.359
[2,   14] loss: 2.907
[2,   15] loss: 1.504
[2,   16] loss: 0.536
[2,   17] loss: 0.245
[2,   18] loss: 0.308
[2,   19] loss: 0.712
[2,   20] loss: 1.347
[2,   21] loss: 1.799
[2,   22] loss: 1.209
2
[3,    1] loss: 0.801
[3,    2] loss: 0.252
[3,    3] loss: 0.265
[3,    4] loss: 0.586
[3,    5] loss: 0.808
[3,    6] loss: 1.002
[3,    7] loss: 0.645
[3,    8] loss: 0.373
[3,    9] loss: 0.080
[3,   10] loss: 0.214
[3,   11] loss: 0.403
[3,   12] loss: 0.393
[3,   13] loss: 0.742
[3,   14] loss: 0.331
[3,   15] loss: 0.274
[3,   16] loss: 0.158
[3,   17] loss: 0.256
[3,   18] loss: 0.295
[3,   19] loss: 0.407
[3,   20] loss: 0.438
[3,   21] loss: 0.167
[3,   22] loss: 0.140
3
[4,    1] loss: 0.115
[4,    2] loss: 0.315
[4,    3] loss: 0.295
[4,    4] loss: 0.313
[4,    5] loss: 0.203
[4,    6] loss: 0.099
[4,    7] loss: 0.172
[4,    8] loss: 0.214
[4,    9] loss: 0.127
[4,   10] loss: 0.183
[4,   11] loss: 0.169
[4,   12] loss: 0.111
[4,   13] loss: 0.142
[4,   14] loss: 0.141
[4,   15] loss: 0.144
[4,   16] loss: 0.137
[4,   17] loss: 0.194
[4,   18] loss: 0.137
[4,   19] loss: 0.149
[4,   20] loss: 0.191
[4,   21] loss: 0.143
[4,   22] loss: 0.109
4
[5,    1] loss: 0.146
[5,    2] loss: 0.150
[5,    3] loss: 0.089
[5,    4] loss: 0.167
[5,    5] loss: 0.136
[5,    6] loss: 0.118
[5,    7] loss: 0.115
[5,    8] loss: 0.144
[5,    9] loss: 0.074
[5,   10] loss: 0.092
[5,   11] loss: 0.137
[5,   12] loss: 0.142
[5,   13] loss: 0.114
[5,   14] loss: 0.150
[5,   15] loss: 0.164
[5,   16] loss: 0.064
[5,   17] loss: 0.123
[5,   18] loss: 0.125
[5,   19] loss: 0.104
[5,   20] loss: 0.146
[5,   21] loss: 0.078
[5,   22] loss: 0.115
5
[6,    1] loss: 0.120
[6,    2] loss: 0.124
[6,    3] loss: 0.159
[6,    4] loss: 0.098
[6,    5] loss: 0.085
[6,    6] loss: 0.135
[6,    7] loss: 0.135
[6,    8] loss: 0.127
[6,    9] loss: 0.142
[6,   10] loss: 0.111
[6,   11] loss: 0.108
[6,   12] loss: 0.122
[6,   13] loss: 0.119
[6,   14] loss: 0.088
[6,   15] loss: 0.147
[6,   16] loss: 0.163
[6,   17] loss: 0.100
[6,   18] loss: 0.225
[6,   19] loss: 0.129
[6,   20] loss: 0.090
[6,   21] loss: 0.121
[6,   22] loss: 0.095
6
[7,    1] loss: 0.218
[7,    2] loss: 0.132
[7,    3] loss: 0.112
[7,    4] loss: 0.094
[7,    5] loss: 0.094
[7,    6] loss: 0.182
[7,    7] loss: 0.157
[7,    8] loss: 0.126
[7,    9] loss: 0.123
[7,   10] loss: 0.102
[7,   11] loss: 0.160
[7,   12] loss: 0.151
[7,   13] loss: 0.097
[7,   14] loss: 0.122
[7,   15] loss: 0.129
[7,   16] loss: 0.073
[7,   17] loss: 0.095
[7,   18] loss: 0.113
[7,   19] loss: 0.121
[7,   20] loss: 0.136
[7,   21] loss: 0.075
[7,   22] loss: 0.138
7
[8,    1] loss: 0.128
[8,    2] loss: 0.099
[8,    3] loss: 0.123
[8,    4] loss: 0.075
[8,    5] loss: 0.146
[8,    6] loss: 0.149
[8,    7] loss: 0.086
[8,    8] loss: 0.136
[8,    9] loss: 0.123
[8,   10] loss: 0.118
[8,   11] loss: 0.131
[8,   12] loss: 0.095
[8,   13] loss: 0.159
[8,   14] loss: 0.163
[8,   15] loss: 0.093
[8,   16] loss: 0.149
[8,   17] loss: 0.145
[8,   18] loss: 0.084
[8,   19] loss: 0.112
[8,   20] loss: 0.116
[8,   21] loss: 0.069
[8,   22] loss: 0.097
8
[9,    1] loss: 0.118
[9,    2] loss: 0.144
[9,    3] loss: 0.167
[9,    4] loss: 0.081
[9,    5] loss: 0.135
[9,    6] loss: 0.105
[9,    7] loss: 0.142
[9,    8] loss: 0.133
[9,    9] loss: 0.122
[9,   10] loss: 0.107
[9,   11] loss: 0.120
[9,   12] loss: 0.158
[9,   13] loss: 0.129
[9,   14] loss: 0.155
[9,   15] loss: 0.135
[9,   16] loss: 0.099
[9,   17] loss: 0.245
[9,   18] loss: 0.109
[9,   19] loss: 0.093
[9,   20] loss: 0.092
[9,   21] loss: 0.118
[9,   22] loss: 0.151
9
[10,    1] loss: 0.130
[10,    2] loss: 0.100
[10,    3] loss: 0.071
[10,    4] loss: 0.156
[10,    5] loss: 0.103
[10,    6] loss: 0.102
[10,    7] loss: 0.091
[10,    8] loss: 0.181
[10,    9] loss: 0.117
[10,   10] loss: 0.107
[10,   11] loss: 0.054
[10,   12] loss: 0.128
[10,   13] loss: 0.063
[10,   14] loss: 0.120
[10,   15] loss: 0.131
[10,   16] loss: 0.057
[10,   17] loss: 0.110
[10,   18] loss: 0.115
[10,   19] loss: 0.158
[10,   20] loss: 0.138
[10,   21] loss: 0.159
[10,   22] loss: 0.203
10
[11,    1] loss: 0.118
[11,    2] loss: 0.179
[11,    3] loss: 0.145
[11,    4] loss: 0.103
[11,    5] loss: 0.077
[11,    6] loss: 0.087
[11,    7] loss: 0.126
[11,    8] loss: 0.155
[11,    9] loss: 0.129
[11,   10] loss: 0.116
[11,   11] loss: 0.073
[11,   12] loss: 0.104
[11,   13] loss: 0.095
[11,   14] loss: 0.113
[11,   15] loss: 0.127
[11,   16] loss: 0.080
[11,   17] loss: 0.117
[11,   18] loss: 0.083
[11,   19] loss: 0.075
[11,   20] loss: 0.096
[11,   21] loss: 0.132
[11,   22] loss: 0.126
11
[12,    1] loss: 0.097
[12,    2] loss: 0.147
[12,    3] loss: 0.133
[12,    4] loss: 0.179
[12,    5] loss: 0.050
[12,    6] loss: 0.102
[12,    7] loss: 0.109
[12,    8] loss: 0.140
[12,    9] loss: 0.097
[12,   10] loss: 0.108
[12,   11] loss: 0.093
[12,   12] loss: 0.114
[12,   13] loss: 0.052
[12,   14] loss: 0.101
[12,   15] loss: 0.097
[12,   16] loss: 0.070
[12,   17] loss: 0.121
[12,   18] loss: 0.131
[12,   19] loss: 0.109
[12,   20] loss: 0.132
[12,   21] loss: 0.149
[12,   22] loss: 0.080
12
[13,    1] loss: 0.112
[13,    2] loss: 0.084
[13,    3] loss: 0.103
[13,    4] loss: 0.109
[13,    5] loss: 0.089
[13,    6] loss: 0.128
[13,    7] loss: 0.095
[13,    8] loss: 0.087
[13,    9] loss: 0.135
[13,   10] loss: 0.115
[13,   11] loss: 0.095
[13,   12] loss: 0.128
[13,   13] loss: 0.140
[13,   14] loss: 0.107
[13,   15] loss: 0.139
[13,   16] loss: 0.108
[13,   17] loss: 0.112
[13,   18] loss: 0.171
[13,   19] loss: 0.074
[13,   20] loss: 0.129
[13,   21] loss: 0.087
[13,   22] loss: 0.100
13
[14,    1] loss: 0.087
[14,    2] loss: 0.157
[14,    3] loss: 0.112
[14,    4] loss: 0.116
[14,    5] loss: 0.105
[14,    6] loss: 0.090
[14,    7] loss: 0.141
[14,    8] loss: 0.204
[14,    9] loss: 0.115
[14,   10] loss: 0.126
[14,   11] loss: 0.196
[14,   12] loss: 0.090
[14,   13] loss: 0.149
[14,   14] loss: 0.099
[14,   15] loss: 0.116
[14,   16] loss: 0.166
[14,   17] loss: 0.133
[14,   18] loss: 0.123
[14,   19] loss: 0.189
[14,   20] loss: 0.120
[14,   21] loss: 0.120
[14,   22] loss: 0.091
14
[15,    1] loss: 0.073
[15,    2] loss: 0.126
[15,    3] loss: 0.096
[15,    4] loss: 0.088
[15,    5] loss: 0.194
[15,    6] loss: 0.099
[15,    7] loss: 0.186
[15,    8] loss: 0.089
[15,    9] loss: 0.094
[15,   10] loss: 0.115
[15,   11] loss: 0.127
[15,   12] loss: 0.179
[15,   13] loss: 0.093
[15,   14] loss: 0.066
[15,   15] loss: 0.141
[15,   16] loss: 0.113
[15,   17] loss: 0.078
[15,   18] loss: 0.114
[15,   19] loss: 0.120
[15,   20] loss: 0.120
[15,   21] loss: 0.064
[15,   22] loss: 0.080
15
[16,    1] loss: 0.111
[16,    2] loss: 0.121
[16,    3] loss: 0.146
[16,    4] loss: 0.088
[16,    5] loss: 0.099
[16,    6] loss: 0.060
[16,    7] loss: 0.090
[16,    8] loss: 0.096
[16,    9] loss: 0.156
[16,   10] loss: 0.133
[16,   11] loss: 0.130
[16,   12] loss: 0.134
[16,   13] loss: 0.099
[16,   14] loss: 0.099
[16,   15] loss: 0.096
[16,   16] loss: 0.128
[16,   17] loss: 0.082
[16,   18] loss: 0.113
[16,   19] loss: 0.100
[16,   20] loss: 0.131
[16,   21] loss: 0.096
[16,   22] loss: 0.086
16
[17,    1] loss: 0.132
[17,    2] loss: 0.154
[17,    3] loss: 0.075
[17,    4] loss: 0.078
[17,    5] loss: 0.102
[17,    6] loss: 0.087
[17,    7] loss: 0.077
[17,    8] loss: 0.091
[17,    9] loss: 0.106
[17,   10] loss: 0.078
[17,   11] loss: 0.087
[17,   12] loss: 0.147
[17,   13] loss: 0.152
[17,   14] loss: 0.065
[17,   15] loss: 0.101
[17,   16] loss: 0.152
[17,   17] loss: 0.073
[17,   18] loss: 0.076
[17,   19] loss: 0.091
[17,   20] loss: 0.133
[17,   21] loss: 0.097
[17,   22] loss: 0.098
17
[18,    1] loss: 0.064
[18,    2] loss: 0.108
[18,    3] loss: 0.082
[18,    4] loss: 0.065
[18,    5] loss: 0.120
[18,    6] loss: 0.149
[18,    7] loss: 0.087
[18,    8] loss: 0.141
[18,    9] loss: 0.123
[18,   10] loss: 0.091
[18,   11] loss: 0.078
[18,   12] loss: 0.119
[18,   13] loss: 0.115
[18,   14] loss: 0.107
[18,   15] loss: 0.078
[18,   16] loss: 0.091
[18,   17] loss: 0.139
[18,   18] loss: 0.136
[18,   19] loss: 0.058
[18,   20] loss: 0.126
[18,   21] loss: 0.094
[18,   22] loss: 0.079
18
[19,    1] loss: 0.129
[19,    2] loss: 0.125
[19,    3] loss: 0.060
[19,    4] loss: 0.131
[19,    5] loss: 0.095
[19,    6] loss: 0.099
[19,    7] loss: 0.115
[19,    8] loss: 0.109
[19,    9] loss: 0.108
[19,   10] loss: 0.079
[19,   11] loss: 0.213
[19,   12] loss: 0.115
[19,   13] loss: 0.148
[19,   14] loss: 0.132
[19,   15] loss: 0.180
[19,   16] loss: 0.115
[19,   17] loss: 0.092
[19,   18] loss: 0.064
[19,   19] loss: 0.171
[19,   20] loss: 0.173
[19,   21] loss: 0.072
[19,   22] loss: 0.181
19
[20,    1] loss: 0.168
[20,    2] loss: 0.063
[20,    3] loss: 0.088
[20,    4] loss: 0.082
[20,    5] loss: 0.114
[20,    6] loss: 0.086
[20,    7] loss: 0.039
[20,    8] loss: 0.095
[20,    9] loss: 0.108
[20,   10] loss: 0.111
[20,   11] loss: 0.058
[20,   12] loss: 0.141
[20,   13] loss: 0.048
[20,   14] loss: 0.093
[20,   15] loss: 0.103
[20,   16] loss: 0.092
[20,   17] loss: 0.106
[20,   18] loss: 0.068
[20,   19] loss: 0.100
[20,   20] loss: 0.090
[20,   21] loss: 0.132
[20,   22] loss: 0.104
20
[21,    1] loss: 0.094
[21,    2] loss: 0.116
[21,    3] loss: 0.108
[21,    4] loss: 0.102
[21,    5] loss: 0.080
[21,    6] loss: 0.118
[21,    7] loss: 0.075
[21,    8] loss: 0.069
[21,    9] loss: 0.068
[21,   10] loss: 0.104
[21,   11] loss: 0.063
[21,   12] loss: 0.096
[21,   13] loss: 0.108
[21,   14] loss: 0.093
[21,   15] loss: 0.080
[21,   16] loss: 0.115
[21,   17] loss: 0.097
[21,   18] loss: 0.112
[21,   19] loss: 0.101
[21,   20] loss: 0.153
[21,   21] loss: 0.117
[21,   22] loss: 0.121
21
[22,    1] loss: 0.172
[22,    2] loss: 0.121
[22,    3] loss: 0.183
[22,    4] loss: 0.172
[22,    5] loss: 0.099
[22,    6] loss: 0.099
[22,    7] loss: 0.193
[22,    8] loss: 0.064
[22,    9] loss: 0.062
[22,   10] loss: 0.123
[22,   11] loss: 0.114
[22,   12] loss: 0.102
[22,   13] loss: 0.076
[22,   14] loss: 0.129
[22,   15] loss: 0.156
[22,   16] loss: 0.097
[22,   17] loss: 0.066
[22,   18] loss: 0.095
[22,   19] loss: 0.104
[22,   20] loss: 0.070
[22,   21] loss: 0.137
[22,   22] loss: 0.113
22
[23,    1] loss: 0.076
[23,    2] loss: 0.141
[23,    3] loss: 0.100
[23,    4] loss: 0.057
[23,    5] loss: 0.123
[23,    6] loss: 0.106
[23,    7] loss: 0.079
[23,    8] loss: 0.112
[23,    9] loss: 0.101
[23,   10] loss: 0.113
[23,   11] loss: 0.077
[23,   12] loss: 0.059
[23,   13] loss: 0.091
[23,   14] loss: 0.089
[23,   15] loss: 0.103
[23,   16] loss: 0.042
[23,   17] loss: 0.117
[23,   18] loss: 0.082
[23,   19] loss: 0.092
[23,   20] loss: 0.086
[23,   21] loss: 0.091
[23,   22] loss: 0.106
23
[24,    1] loss: 0.103
[24,    2] loss: 0.087
[24,    3] loss: 0.055
[24,    4] loss: 0.124
[24,    5] loss: 0.082
[24,    6] loss: 0.081
[24,    7] loss: 0.073
[24,    8] loss: 0.096
[24,    9] loss: 0.066
[24,   10] loss: 0.124
[24,   11] loss: 0.073
[24,   12] loss: 0.084
[24,   13] loss: 0.118
[24,   14] loss: 0.069
[24,   15] loss: 0.057
[24,   16] loss: 0.100
[24,   17] loss: 0.128
[24,   18] loss: 0.082
[24,   19] loss: 0.061
[24,   20] loss: 0.131
[24,   21] loss: 0.143
[24,   22] loss: 0.086
24
[25,    1] loss: 0.103
[25,    2] loss: 0.121
[25,    3] loss: 0.100
[25,    4] loss: 0.074
[25,    5] loss: 0.125
[25,    6] loss: 0.130
[25,    7] loss: 0.070
[25,    8] loss: 0.121
[25,    9] loss: 0.121
[25,   10] loss: 0.067
[25,   11] loss: 0.107
[25,   12] loss: 0.104
[25,   13] loss: 0.080
[25,   14] loss: 0.086
[25,   15] loss: 0.087
[25,   16] loss: 0.117
[25,   17] loss: 0.084
[25,   18] loss: 0.111
[25,   19] loss: 0.056
[25,   20] loss: 0.074
[25,   21] loss: 0.065
[25,   22] loss: 0.071
25
[26,    1] loss: 0.059
[26,    2] loss: 0.090
[26,    3] loss: 0.099
[26,    4] loss: 0.124
[26,    5] loss: 0.120
[26,    6] loss: 0.136
[26,    7] loss: 0.070
[26,    8] loss: 0.127
[26,    9] loss: 0.074
[26,   10] loss: 0.073
[26,   11] loss: 0.079
[26,   12] loss: 0.094
[26,   13] loss: 0.088
[26,   14] loss: 0.108
[26,   15] loss: 0.100
[26,   16] loss: 0.045
[26,   17] loss: 0.085
[26,   18] loss: 0.113
[26,   19] loss: 0.073
[26,   20] loss: 0.087
[26,   21] loss: 0.081
[26,   22] loss: 0.109
26
[27,    1] loss: 0.075
[27,    2] loss: 0.069
[27,    3] loss: 0.078
[27,    4] loss: 0.064
[27,    5] loss: 0.105
[27,    6] loss: 0.095
[27,    7] loss: 0.120
[27,    8] loss: 0.098
[27,    9] loss: 0.093
[27,   10] loss: 0.188
[27,   11] loss: 0.047
[27,   12] loss: 0.090
[27,   13] loss: 0.080
[27,   14] loss: 0.062
[27,   15] loss: 0.102
[27,   16] loss: 0.120
[27,   17] loss: 0.087
[27,   18] loss: 0.080
[27,   19] loss: 0.096
[27,   20] loss: 0.066
[27,   21] loss: 0.083
[27,   22] loss: 0.134
27
[28,    1] loss: 0.047
[28,    2] loss: 0.074
[28,    3] loss: 0.072
[28,    4] loss: 0.156
[28,    5] loss: 0.067
[28,    6] loss: 0.079
[28,    7] loss: 0.072
[28,    8] loss: 0.080
[28,    9] loss: 0.114
[28,   10] loss: 0.168
[28,   11] loss: 0.118
[28,   12] loss: 0.108
[28,   13] loss: 0.110
[28,   14] loss: 0.093
[28,   15] loss: 0.048
[28,   16] loss: 0.098
[28,   17] loss: 0.058
[28,   18] loss: 0.073
[28,   19] loss: 0.104
[28,   20] loss: 0.084
[28,   21] loss: 0.070
[28,   22] loss: 0.090
28
[29,    1] loss: 0.110
[29,    2] loss: 0.135
[29,    3] loss: 0.088
[29,    4] loss: 0.084
[29,    5] loss: 0.075
[29,    6] loss: 0.092
[29,    7] loss: 0.104
[29,    8] loss: 0.071
[29,    9] loss: 0.051
[29,   10] loss: 0.110
[29,   11] loss: 0.092
[29,   12] loss: 0.073
[29,   13] loss: 0.055
[29,   14] loss: 0.069
[29,   15] loss: 0.087
[29,   16] loss: 0.077
[29,   17] loss: 0.054
[29,   18] loss: 0.079
[29,   19] loss: 0.086
[29,   20] loss: 0.082
[29,   21] loss: 0.056
[29,   22] loss: 0.066
29
[30,    1] loss: 0.061
[30,    2] loss: 0.083
[30,    3] loss: 0.121
[30,    4] loss: 0.077
[30,    5] loss: 0.105
[30,    6] loss: 0.077
[30,    7] loss: 0.097
[30,    8] loss: 0.090
[30,    9] loss: 0.096
[30,   10] loss: 0.090
[30,   11] loss: 0.069
[30,   12] loss: 0.056
[30,   13] loss: 0.113
[30,   14] loss: 0.056
[30,   15] loss: 0.060
[30,   16] loss: 0.074
[30,   17] loss: 0.075
[30,   18] loss: 0.105
[30,   19] loss: 0.087
[30,   20] loss: 0.120
[30,   21] loss: 0.077
[30,   22] loss: 0.072
30
[31,    1] loss: 0.072
[31,    2] loss: 0.109
[31,    3] loss: 0.047
[31,    4] loss: 0.050
[31,    5] loss: 0.109
[31,    6] loss: 0.060
[31,    7] loss: 0.106
[31,    8] loss: 0.114
[31,    9] loss: 0.082
[31,   10] loss: 0.119
[31,   11] loss: 0.089
[31,   12] loss: 0.111
[31,   13] loss: 0.114
[31,   14] loss: 0.127
[31,   15] loss: 0.068
[31,   16] loss: 0.085
[31,   17] loss: 0.108
[31,   18] loss: 0.120
[31,   19] loss: 0.053
[31,   20] loss: 0.085
[31,   21] loss: 0.074
[31,   22] loss: 0.095
31
[32,    1] loss: 0.104
[32,    2] loss: 0.070
[32,    3] loss: 0.099
[32,    4] loss: 0.114
[32,    5] loss: 0.093
[32,    6] loss: 0.063
[32,    7] loss: 0.045
[32,    8] loss: 0.087
[32,    9] loss: 0.122
[32,   10] loss: 0.079
[32,   11] loss: 0.069
[32,   12] loss: 0.078
[32,   13] loss: 0.066
[32,   14] loss: 0.051
[32,   15] loss: 0.065
[32,   16] loss: 0.077
[32,   17] loss: 0.098
[32,   18] loss: 0.135
[32,   19] loss: 0.111
[32,   20] loss: 0.082
[32,   21] loss: 0.073
[32,   22] loss: 0.067
32
[33,    1] loss: 0.096
[33,    2] loss: 0.091
[33,    3] loss: 0.057
[33,    4] loss: 0.082
[33,    5] loss: 0.123
[33,    6] loss: 0.096
[33,    7] loss: 0.053
[33,    8] loss: 0.141
[33,    9] loss: 0.119
[33,   10] loss: 0.092
[33,   11] loss: 0.187
[33,   12] loss: 0.078
[33,   13] loss: 0.073
[33,   14] loss: 0.176
[33,   15] loss: 0.100
[33,   16] loss: 0.159
[33,   17] loss: 0.108
[33,   18] loss: 0.081
[33,   19] loss: 0.085
[33,   20] loss: 0.048
[33,   21] loss: 0.091
[33,   22] loss: 0.055
33
[34,    1] loss: 0.104
[34,    2] loss: 0.041
[34,    3] loss: 0.046
[34,    4] loss: 0.089
[34,    5] loss: 0.059
[34,    6] loss: 0.068
[34,    7] loss: 0.083
[34,    8] loss: 0.082
[34,    9] loss: 0.061
[34,   10] loss: 0.060
[34,   11] loss: 0.122
[34,   12] loss: 0.078
[34,   13] loss: 0.078
[34,   14] loss: 0.105
[34,   15] loss: 0.093
[34,   16] loss: 0.091
[34,   17] loss: 0.057
[34,   18] loss: 0.066
[34,   19] loss: 0.091
[34,   20] loss: 0.073
[34,   21] loss: 0.088
[34,   22] loss: 0.065
34
[35,    1] loss: 0.135
[35,    2] loss: 0.043
[35,    3] loss: 0.068
[35,    4] loss: 0.097
[35,    5] loss: 0.107
[35,    6] loss: 0.117
[35,    7] loss: 0.079
[35,    8] loss: 0.097
[35,    9] loss: 0.069
[35,   10] loss: 0.057
[35,   11] loss: 0.075
[35,   12] loss: 0.086
[35,   13] loss: 0.074
[35,   14] loss: 0.126
[35,   15] loss: 0.136
[35,   16] loss: 0.081
[35,   17] loss: 0.108
[35,   18] loss: 0.152
[35,   19] loss: 0.084
[35,   20] loss: 0.107
[35,   21] loss: 0.231
[35,   22] loss: 0.047
35
[36,    1] loss: 0.121
[36,    2] loss: 0.130
[36,    3] loss: 0.090
[36,    4] loss: 0.113
[36,    5] loss: 0.076
[36,    6] loss: 0.072
[36,    7] loss: 0.105
[36,    8] loss: 0.061
[36,    9] loss: 0.059
[36,   10] loss: 0.096
[36,   11] loss: 0.138
[36,   12] loss: 0.050
[36,   13] loss: 0.064
[36,   14] loss: 0.118
[36,   15] loss: 0.073
[36,   16] loss: 0.132
[36,   17] loss: 0.107
[36,   18] loss: 0.077
[36,   19] loss: 0.090
[36,   20] loss: 0.066
[36,   21] loss: 0.063
[36,   22] loss: 0.068
36
[37,    1] loss: 0.057
[37,    2] loss: 0.066
[37,    3] loss: 0.053
[37,    4] loss: 0.051
[37,    5] loss: 0.085
[37,    6] loss: 0.095
[37,    7] loss: 0.057
[37,    8] loss: 0.062
[37,    9] loss: 0.089
[37,   10] loss: 0.055
[37,   11] loss: 0.066
[37,   12] loss: 0.086
[37,   13] loss: 0.069
[37,   14] loss: 0.062
[37,   15] loss: 0.084
[37,   16] loss: 0.075
[37,   17] loss: 0.093
[37,   18] loss: 0.057
[37,   19] loss: 0.081
[37,   20] loss: 0.105
[37,   21] loss: 0.097
[37,   22] loss: 0.067
37
[38,    1] loss: 0.074
[38,    2] loss: 0.090
[38,    3] loss: 0.072
[38,    4] loss: 0.048
[38,    5] loss: 0.066
[38,    6] loss: 0.082
[38,    7] loss: 0.085
[38,    8] loss: 0.077
[38,    9] loss: 0.057
[38,   10] loss: 0.065
[38,   11] loss: 0.057
[38,   12] loss: 0.079
[38,   13] loss: 0.088
[38,   14] loss: 0.061
[38,   15] loss: 0.048
[38,   16] loss: 0.104
[38,   17] loss: 0.082
[38,   18] loss: 0.136
[38,   19] loss: 0.084
[38,   20] loss: 0.100
[38,   21] loss: 0.112
[38,   22] loss: 0.064
38
[39,    1] loss: 0.078
[39,    2] loss: 0.113
[39,    3] loss: 0.068
[39,    4] loss: 0.089
[39,    5] loss: 0.077
[39,    6] loss: 0.038
[39,    7] loss: 0.060
[39,    8] loss: 0.091
[39,    9] loss: 0.068
[39,   10] loss: 0.046
[39,   11] loss: 0.116
[39,   12] loss: 0.073
[39,   13] loss: 0.102
[39,   14] loss: 0.077
[39,   15] loss: 0.080
[39,   16] loss: 0.081
[39,   17] loss: 0.066
[39,   18] loss: 0.066
[39,   19] loss: 0.065
[39,   20] loss: 0.099
[39,   21] loss: 0.068
[39,   22] loss: 0.064
39
[40,    1] loss: 0.076
[40,    2] loss: 0.071
[40,    3] loss: 0.073
[40,    4] loss: 0.067
[40,    5] loss: 0.075
[40,    6] loss: 0.039
[40,    7] loss: 0.109
[40,    8] loss: 0.075
[40,    9] loss: 0.063
[40,   10] loss: 0.081
[40,   11] loss: 0.052
[40,   12] loss: 0.142
[40,   13] loss: 0.090
[40,   14] loss: 0.060
[40,   15] loss: 0.122
[40,   16] loss: 0.086
[40,   17] loss: 0.084
[40,   18] loss: 0.065
[40,   19] loss: 0.066
[40,   20] loss: 0.053
[40,   21] loss: 0.156
[40,   22] loss: 0.086
40
[41,    1] loss: 0.192
[41,    2] loss: 0.128
[41,    3] loss: 0.097
[41,    4] loss: 0.148
[41,    5] loss: 0.063
[41,    6] loss: 0.167
[41,    7] loss: 0.102
[41,    8] loss: 0.066
[41,    9] loss: 0.120
[41,   10] loss: 0.089
[41,   11] loss: 0.084
[41,   12] loss: 0.120
[41,   13] loss: 0.040
[41,   14] loss: 0.094
[41,   15] loss: 0.071
[41,   16] loss: 0.062
[41,   17] loss: 0.131
[41,   18] loss: 0.072
[41,   19] loss: 0.075
[41,   20] loss: 0.079
[41,   21] loss: 0.074
[41,   22] loss: 0.074
41
[42,    1] loss: 0.062
[42,    2] loss: 0.062
[42,    3] loss: 0.089
[42,    4] loss: 0.077
[42,    5] loss: 0.074
[42,    6] loss: 0.105
[42,    7] loss: 0.065
[42,    8] loss: 0.058
[42,    9] loss: 0.070
[42,   10] loss: 0.086
[42,   11] loss: 0.085
[42,   12] loss: 0.065
[42,   13] loss: 0.065
[42,   14] loss: 0.081
[42,   15] loss: 0.049
[42,   16] loss: 0.046
[42,   17] loss: 0.102
[42,   18] loss: 0.068
[42,   19] loss: 0.113
[42,   20] loss: 0.102
[42,   21] loss: 0.067
[42,   22] loss: 0.227
42
[43,    1] loss: 0.055
[43,    2] loss: 0.103
[43,    3] loss: 0.242
[43,    4] loss: 0.086
[43,    5] loss: 0.199
[43,    6] loss: 0.074
[43,    7] loss: 0.052
[43,    8] loss: 0.178
[43,    9] loss: 0.103
[43,   10] loss: 0.126
[43,   11] loss: 0.092
[43,   12] loss: 0.066
[43,   13] loss: 0.067
[43,   14] loss: 0.181
[43,   15] loss: 0.120
[43,   16] loss: 0.176
[43,   17] loss: 0.104
[43,   18] loss: 0.060
[43,   19] loss: 0.079
[43,   20] loss: 0.229
[43,   21] loss: 0.082
[43,   22] loss: 0.061
43
[44,    1] loss: 0.199
[44,    2] loss: 0.107
[44,    3] loss: 0.124
[44,    4] loss: 0.095
[44,    5] loss: 0.052
[44,    6] loss: 0.071
[44,    7] loss: 0.121
[44,    8] loss: 0.065
[44,    9] loss: 0.109
[44,   10] loss: 0.090
[44,   11] loss: 0.091
[44,   12] loss: 0.140
[44,   13] loss: 0.081
[44,   14] loss: 0.050
[44,   15] loss: 0.100
[44,   16] loss: 0.059
[44,   17] loss: 0.111
[44,   18] loss: 0.054
[44,   19] loss: 0.087
[44,   20] loss: 0.076
[44,   21] loss: 0.094
[44,   22] loss: 0.049
44
[45,    1] loss: 0.068
[45,    2] loss: 0.090
[45,    3] loss: 0.065
[45,    4] loss: 0.069
[45,    5] loss: 0.113
[45,    6] loss: 0.093
[45,    7] loss: 0.172
[45,    8] loss: 0.091
[45,    9] loss: 0.117
[45,   10] loss: 0.053
[45,   11] loss: 0.101
[45,   12] loss: 0.077
[45,   13] loss: 0.113
[45,   14] loss: 0.071
[45,   15] loss: 0.068
[45,   16] loss: 0.091
[45,   17] loss: 0.077
[45,   18] loss: 0.087
[45,   19] loss: 0.144
[45,   20] loss: 0.069
[45,   21] loss: 0.074
[45,   22] loss: 0.092
45
[46,    1] loss: 0.048
[46,    2] loss: 0.065
[46,    3] loss: 0.073
[46,    4] loss: 0.100
[46,    5] loss: 0.062
[46,    6] loss: 0.051
[46,    7] loss: 0.047
[46,    8] loss: 0.108
[46,    9] loss: 0.101
[46,   10] loss: 0.069
[46,   11] loss: 0.092
[46,   12] loss: 0.077
[46,   13] loss: 0.085
[46,   14] loss: 0.105
[46,   15] loss: 0.058
[46,   16] loss: 0.101
[46,   17] loss: 0.071
[46,   18] loss: 0.051
[46,   19] loss: 0.060
[46,   20] loss: 0.089
[46,   21] loss: 0.079
[46,   22] loss: 0.096
46
[47,    1] loss: 0.063
[47,    2] loss: 0.050
[47,    3] loss: 0.091
[47,    4] loss: 0.072
[47,    5] loss: 0.102
[47,    6] loss: 0.113
[47,    7] loss: 0.067
[47,    8] loss: 0.092
[47,    9] loss: 0.098
[47,   10] loss: 0.097
[47,   11] loss: 0.157
[47,   12] loss: 0.087
[47,   13] loss: 0.119
[47,   14] loss: 0.111
[47,   15] loss: 0.075
[47,   16] loss: 0.317
[47,   17] loss: 0.034
[47,   18] loss: 0.109
[47,   19] loss: 0.061
[47,   20] loss: 0.073
[47,   21] loss: 0.092
[47,   22] loss: 0.045
47
[48,    1] loss: 0.039
[48,    2] loss: 0.078
[48,    3] loss: 0.059
[48,    4] loss: 0.088
[48,    5] loss: 0.114
[48,    6] loss: 0.064
[48,    7] loss: 0.098
[48,    8] loss: 0.087
[48,    9] loss: 0.044
[48,   10] loss: 0.116
[48,   11] loss: 0.073
[48,   12] loss: 0.084
[48,   13] loss: 0.102
[48,   14] loss: 0.065
[48,   15] loss: 0.035
[48,   16] loss: 0.101
[48,   17] loss: 0.068
[48,   18] loss: 0.113
[48,   19] loss: 0.079
[48,   20] loss: 0.061
[48,   21] loss: 0.091
[48,   22] loss: 0.155
48
[49,    1] loss: 0.059
[49,    2] loss: 0.093
[49,    3] loss: 0.068
[49,    4] loss: 0.075
[49,    5] loss: 0.067
[49,    6] loss: 0.099
[49,    7] loss: 0.052
[49,    8] loss: 0.087
[49,    9] loss: 0.059
[49,   10] loss: 0.063
[49,   11] loss: 0.130
[49,   12] loss: 0.069
[49,   13] loss: 0.114
[49,   14] loss: 0.104
[49,   15] loss: 0.086
[49,   16] loss: 0.141
[49,   17] loss: 0.068
[49,   18] loss: 0.117
[49,   19] loss: 0.075
[49,   20] loss: 0.063
[49,   21] loss: 0.058
[49,   22] loss: 0.151
49
[50,    1] loss: 0.072
[50,    2] loss: 0.146
[50,    3] loss: 0.060
[50,    4] loss: 0.123
[50,    5] loss: 0.071
[50,    6] loss: 0.096
[50,    7] loss: 0.107
[50,    8] loss: 0.070
[50,    9] loss: 0.094
[50,   10] loss: 0.080
[50,   11] loss: 0.094
[50,   12] loss: 0.116
[50,   13] loss: 0.065
[50,   14] loss: 0.110
[50,   15] loss: 0.093
[50,   16] loss: 0.064
[50,   17] loss: 0.091
[50,   18] loss: 0.053
[50,   19] loss: 0.070
[50,   20] loss: 0.060
[50,   21] loss: 0.077
[50,   22] loss: 0.078
50
[51,    1] loss: 0.064
[51,    2] loss: 0.085
[51,    3] loss: 0.045
[51,    4] loss: 0.086
[51,    5] loss: 0.060
[51,    6] loss: 0.059
[51,    7] loss: 0.100
[51,    8] loss: 0.048
[51,    9] loss: 0.056
[51,   10] loss: 0.053
[51,   11] loss: 0.083
[51,   12] loss: 0.078
[51,   13] loss: 0.079
[51,   14] loss: 0.077
[51,   15] loss: 0.087
[51,   16] loss: 0.054
[51,   17] loss: 0.055
[51,   18] loss: 0.067
[51,   19] loss: 0.086
[51,   20] loss: 0.062
[51,   21] loss: 0.069
[51,   22] loss: 0.050
51
[52,    1] loss: 0.058
[52,    2] loss: 0.062
[52,    3] loss: 0.047
[52,    4] loss: 0.060
[52,    5] loss: 0.076
[52,    6] loss: 0.059
[52,    7] loss: 0.067
[52,    8] loss: 0.053
[52,    9] loss: 0.082
[52,   10] loss: 0.062
[52,   11] loss: 0.061
[52,   12] loss: 0.079
[52,   13] loss: 0.081
[52,   14] loss: 0.039
[52,   15] loss: 0.033
[52,   16] loss: 0.057
[52,   17] loss: 0.097
[52,   18] loss: 0.063
[52,   19] loss: 0.066
[52,   20] loss: 0.059
[52,   21] loss: 0.078
[52,   22] loss: 0.053
52
[53,    1] loss: 0.073
[53,    2] loss: 0.055
[53,    3] loss: 0.060
[53,    4] loss: 0.055
[53,    5] loss: 0.095
[53,    6] loss: 0.054
[53,    7] loss: 0.086
[53,    8] loss: 0.037
[53,    9] loss: 0.064
[53,   10] loss: 0.063
[53,   11] loss: 0.063
[53,   12] loss: 0.066
[53,   13] loss: 0.060
[53,   14] loss: 0.079
[53,   15] loss: 0.075
[53,   16] loss: 0.083
[53,   17] loss: 0.118
[53,   18] loss: 0.057
[53,   19] loss: 0.129
[53,   20] loss: 0.097
[53,   21] loss: 0.061
[53,   22] loss: 0.143
53
[54,    1] loss: 0.085
[54,    2] loss: 0.226
[54,    3] loss: 0.046
[54,    4] loss: 0.123
[54,    5] loss: 0.059
[54,    6] loss: 0.054
[54,    7] loss: 0.111
[54,    8] loss: 0.064
[54,    9] loss: 0.062
[54,   10] loss: 0.079
[54,   11] loss: 0.082
[54,   12] loss: 0.034
[54,   13] loss: 0.063
[54,   14] loss: 0.056
[54,   15] loss: 0.067
[54,   16] loss: 0.049
[54,   17] loss: 0.063
[54,   18] loss: 0.078
[54,   19] loss: 0.061
[54,   20] loss: 0.095
[54,   21] loss: 0.067
[54,   22] loss: 0.072
54
[55,    1] loss: 0.149
[55,    2] loss: 0.082
[55,    3] loss: 0.073
[55,    4] loss: 0.121
[55,    5] loss: 0.086
[55,    6] loss: 0.121
[55,    7] loss: 0.034
[55,    8] loss: 0.272
[55,    9] loss: 0.073
[55,   10] loss: 0.151
[55,   11] loss: 0.126
[55,   12] loss: 0.052
[55,   13] loss: 0.129
[55,   14] loss: 0.061
[55,   15] loss: 0.086
[55,   16] loss: 0.093
[55,   17] loss: 0.083
[55,   18] loss: 0.046
[55,   19] loss: 0.057
[55,   20] loss: 0.056
[55,   21] loss: 0.071
[55,   22] loss: 0.103
55
[56,    1] loss: 0.036
[56,    2] loss: 0.046
[56,    3] loss: 0.053
[56,    4] loss: 0.068
[56,    5] loss: 0.055
[56,    6] loss: 0.077
[56,    7] loss: 0.093
[56,    8] loss: 0.141
[56,    9] loss: 0.160
[56,   10] loss: 0.082
[56,   11] loss: 0.099
[56,   12] loss: 0.054
[56,   13] loss: 0.150
[56,   14] loss: 0.057
[56,   15] loss: 0.061
[56,   16] loss: 0.117
[56,   17] loss: 0.062
[56,   18] loss: 0.091
[56,   19] loss: 0.122
[56,   20] loss: 0.068
[56,   21] loss: 0.153
[56,   22] loss: 0.077
56
[57,    1] loss: 0.091
[57,    2] loss: 0.086
[57,    3] loss: 0.041
[57,    4] loss: 0.159
[57,    5] loss: 0.062
[57,    6] loss: 0.090
[57,    7] loss: 0.108
[57,    8] loss: 0.045
[57,    9] loss: 0.128
[57,   10] loss: 0.070
[57,   11] loss: 0.128
[57,   12] loss: 0.145
[57,   13] loss: 0.051
[57,   14] loss: 0.162
[57,   15] loss: 0.062
[57,   16] loss: 0.109
[57,   17] loss: 0.132
[57,   18] loss: 0.039
[57,   19] loss: 0.194
[57,   20] loss: 0.074
[57,   21] loss: 0.272
[57,   22] loss: 0.101
57
[58,    1] loss: 0.194
[58,    2] loss: 0.147
[58,    3] loss: 0.045
[58,    4] loss: 0.330
[58,    5] loss: 0.087
[58,    6] loss: 0.105
[58,    7] loss: 0.199
[58,    8] loss: 0.055
[58,    9] loss: 0.099
[58,   10] loss: 0.065
[58,   11] loss: 0.056
[58,   12] loss: 0.059
[58,   13] loss: 0.061
[58,   14] loss: 0.081
[58,   15] loss: 0.097
[58,   16] loss: 0.099
[58,   17] loss: 0.066
[58,   18] loss: 0.077
[58,   19] loss: 0.066
[58,   20] loss: 0.067
[58,   21] loss: 0.060
[58,   22] loss: 0.037
58
[59,    1] loss: 0.054
[59,    2] loss: 0.082
[59,    3] loss: 0.072
[59,    4] loss: 0.058
[59,    5] loss: 0.036
[59,    6] loss: 0.061
[59,    7] loss: 0.088
[59,    8] loss: 0.092
[59,    9] loss: 0.109
[59,   10] loss: 0.060
[59,   11] loss: 0.116
[59,   12] loss: 0.055
[59,   13] loss: 0.094
[59,   14] loss: 0.067
[59,   15] loss: 0.048
[59,   16] loss: 0.057
[59,   17] loss: 0.045
[59,   18] loss: 0.059
[59,   19] loss: 0.059
[59,   20] loss: 0.093
[59,   21] loss: 0.060
[59,   22] loss: 0.056
59
[60,    1] loss: 0.066
[60,    2] loss: 0.055
[60,    3] loss: 0.105
[60,    4] loss: 0.062
[60,    5] loss: 0.057
[60,    6] loss: 0.107
[60,    7] loss: 0.042
[60,    8] loss: 0.157
[60,    9] loss: 0.077
[60,   10] loss: 0.056
[60,   11] loss: 0.124
[60,   12] loss: 0.080
[60,   13] loss: 0.128
[60,   14] loss: 0.071
[60,   15] loss: 0.080
[60,   16] loss: 0.077
[60,   17] loss: 0.139
[60,   18] loss: 0.101
[60,   19] loss: 0.070
[60,   20] loss: 0.187
[60,   21] loss: 0.040
[60,   22] loss: 0.259
60
[61,    1] loss: 0.068
[61,    2] loss: 0.127
[61,    3] loss: 0.042
[61,    4] loss: 0.071
[61,    5] loss: 0.100
[61,    6] loss: 0.066
[61,    7] loss: 0.095
[61,    8] loss: 0.071
[61,    9] loss: 0.077
[61,   10] loss: 0.082
[61,   11] loss: 0.039
[61,   12] loss: 0.106
[61,   13] loss: 0.078
[61,   14] loss: 0.053
[61,   15] loss: 0.070
[61,   16] loss: 0.047
[61,   17] loss: 0.057
[61,   18] loss: 0.061
[61,   19] loss: 0.078
[61,   20] loss: 0.045
[61,   21] loss: 0.061
[61,   22] loss: 0.081
61
[62,    1] loss: 0.069
[62,    2] loss: 0.101
[62,    3] loss: 0.050
[62,    4] loss: 0.062
[62,    5] loss: 0.060
[62,    6] loss: 0.065
[62,    7] loss: 0.051
[62,    8] loss: 0.042
[62,    9] loss: 0.111
[62,   10] loss: 0.051
[62,   11] loss: 0.053
[62,   12] loss: 0.081
[62,   13] loss: 0.044
[62,   14] loss: 0.123
[62,   15] loss: 0.044
[62,   16] loss: 0.116
[62,   17] loss: 0.072
[62,   18] loss: 0.076
[62,   19] loss: 0.163
[62,   20] loss: 0.102
[62,   21] loss: 0.152
[62,   22] loss: 0.077
62
[63,    1] loss: 0.144
[63,    2] loss: 0.081
[63,    3] loss: 0.147
[63,    4] loss: 0.133
[63,    5] loss: 0.078
[63,    6] loss: 0.152
[63,    7] loss: 0.054
[63,    8] loss: 0.085
[63,    9] loss: 0.095
[63,   10] loss: 0.099
[63,   11] loss: 0.101
[63,   12] loss: 0.076
[63,   13] loss: 0.125
[63,   14] loss: 0.091
[63,   15] loss: 0.076
[63,   16] loss: 0.038
[63,   17] loss: 0.062
[63,   18] loss: 0.062
[63,   19] loss: 0.064
[63,   20] loss: 0.063
[63,   21] loss: 0.088
[63,   22] loss: 0.046
63
[64,    1] loss: 0.104
[64,    2] loss: 0.062
[64,    3] loss: 0.104
[64,    4] loss: 0.058
[64,    5] loss: 0.086
[64,    6] loss: 0.052
[64,    7] loss: 0.070
[64,    8] loss: 0.064
[64,    9] loss: 0.058
[64,   10] loss: 0.078
[64,   11] loss: 0.040
[64,   12] loss: 0.062
[64,   13] loss: 0.057
[64,   14] loss: 0.110
[64,   15] loss: 0.075
[64,   16] loss: 0.094
[64,   17] loss: 0.110
[64,   18] loss: 0.068
[64,   19] loss: 0.126
[64,   20] loss: 0.049
[64,   21] loss: 0.043
[64,   22] loss: 0.084
64
[65,    1] loss: 0.073
[65,    2] loss: 0.050
[65,    3] loss: 0.068
[65,    4] loss: 0.068
[65,    5] loss: 0.048
[65,    6] loss: 0.058
[65,    7] loss: 0.076
[65,    8] loss: 0.061
[65,    9] loss: 0.072
[65,   10] loss: 0.035
[65,   11] loss: 0.059
[65,   12] loss: 0.116
[65,   13] loss: 0.114
[65,   14] loss: 0.055
[65,   15] loss: 0.065
[65,   16] loss: 0.076
[65,   17] loss: 0.048
[65,   18] loss: 0.048
[65,   19] loss: 0.075
[65,   20] loss: 0.105
[65,   21] loss: 0.089
[65,   22] loss: 0.094
65
[66,    1] loss: 0.066
[66,    2] loss: 0.071
[66,    3] loss: 0.056
[66,    4] loss: 0.037
[66,    5] loss: 0.086
[66,    6] loss: 0.041
[66,    7] loss: 0.102
[66,    8] loss: 0.058
[66,    9] loss: 0.109
[66,   10] loss: 0.081
[66,   11] loss: 0.113
[66,   12] loss: 0.071
[66,   13] loss: 0.056
[66,   14] loss: 0.093
[66,   15] loss: 0.060
[66,   16] loss: 0.054
[66,   17] loss: 0.067
[66,   18] loss: 0.065
[66,   19] loss: 0.053
[66,   20] loss: 0.093
[66,   21] loss: 0.074
[66,   22] loss: 0.086
66
[67,    1] loss: 0.071
[67,    2] loss: 0.070
[67,    3] loss: 0.078
[67,    4] loss: 0.159
[67,    5] loss: 0.121
[67,    6] loss: 0.149
[67,    7] loss: 0.122
[67,    8] loss: 0.261
[67,    9] loss: 0.197
[67,   10] loss: 0.092
[67,   11] loss: 0.063
[67,   12] loss: 0.153
[67,   13] loss: 0.057
[67,   14] loss: 0.186
[67,   15] loss: 0.090
[67,   16] loss: 0.142
[67,   17] loss: 0.088
[67,   18] loss: 0.137
[67,   19] loss: 0.058
[67,   20] loss: 0.086
[67,   21] loss: 0.086
[67,   22] loss: 0.119
67
[68,    1] loss: 0.051
[68,    2] loss: 0.051
[68,    3] loss: 0.063
[68,    4] loss: 0.037
[68,    5] loss: 0.087
[68,    6] loss: 0.075
[68,    7] loss: 0.057
[68,    8] loss: 0.083
[68,    9] loss: 0.069
[68,   10] loss: 0.054
[68,   11] loss: 0.037
[68,   12] loss: 0.055
[68,   13] loss: 0.063
[68,   14] loss: 0.067
[68,   15] loss: 0.056
[68,   16] loss: 0.046
[68,   17] loss: 0.062
[68,   18] loss: 0.075
[68,   19] loss: 0.064
[68,   20] loss: 0.078
[68,   21] loss: 0.056
[68,   22] loss: 0.091
68
[69,    1] loss: 0.049
[69,    2] loss: 0.214
[69,    3] loss: 0.078
[69,    4] loss: 0.131
[69,    5] loss: 0.049
[69,    6] loss: 0.077
[69,    7] loss: 0.099
[69,    8] loss: 0.076
[69,    9] loss: 0.123
[69,   10] loss: 0.077
[69,   11] loss: 0.101
[69,   12] loss: 0.059
[69,   13] loss: 0.097
[69,   14] loss: 0.063
[69,   15] loss: 0.052
[69,   16] loss: 0.066
[69,   17] loss: 0.068
[69,   18] loss: 0.064
[69,   19] loss: 0.091
[69,   20] loss: 0.055
[69,   21] loss: 0.092
[69,   22] loss: 0.080
69
[70,    1] loss: 0.058
[70,    2] loss: 0.064
[70,    3] loss: 0.038
[70,    4] loss: 0.067
[70,    5] loss: 0.048
[70,    6] loss: 0.072
[70,    7] loss: 0.058
[70,    8] loss: 0.092
[70,    9] loss: 0.044
[70,   10] loss: 0.036
[70,   11] loss: 0.062
[70,   12] loss: 0.082
[70,   13] loss: 0.050
[70,   14] loss: 0.091
[70,   15] loss: 0.072
[70,   16] loss: 0.054
[70,   17] loss: 0.046
[70,   18] loss: 0.057
[70,   19] loss: 0.072
[70,   20] loss: 0.047
[70,   21] loss: 0.082
[70,   22] loss: 0.055
70
[71,    1] loss: 0.052
[71,    2] loss: 0.057
[71,    3] loss: 0.044
[71,    4] loss: 0.062
[71,    5] loss: 0.049
[71,    6] loss: 0.051
[71,    7] loss: 0.057
[71,    8] loss: 0.042
[71,    9] loss: 0.082
[71,   10] loss: 0.091
[71,   11] loss: 0.067
[71,   12] loss: 0.068
[71,   13] loss: 0.079
[71,   14] loss: 0.182
[71,   15] loss: 0.046
[71,   16] loss: 0.131
[71,   17] loss: 0.054
[71,   18] loss: 0.128
[71,   19] loss: 0.068
[71,   20] loss: 0.198
[71,   21] loss: 0.050
[71,   22] loss: 0.075
71
[72,    1] loss: 0.069
[72,    2] loss: 0.104
[72,    3] loss: 0.053
[72,    4] loss: 0.057
[72,    5] loss: 0.075
[72,    6] loss: 0.101
[72,    7] loss: 0.097
[72,    8] loss: 0.094
[72,    9] loss: 0.210
[72,   10] loss: 0.100
[72,   11] loss: 0.102
[72,   12] loss: 0.051
[72,   13] loss: 0.051
[72,   14] loss: 0.076
[72,   15] loss: 0.097
[72,   16] loss: 0.055
[72,   17] loss: 0.064
[72,   18] loss: 0.092
[72,   19] loss: 0.076
[72,   20] loss: 0.087
[72,   21] loss: 0.060
[72,   22] loss: 0.058
72
[73,    1] loss: 0.101
[73,    2] loss: 0.054
[73,    3] loss: 0.107
[73,    4] loss: 0.044
[73,    5] loss: 0.109
[73,    6] loss: 0.068
[73,    7] loss: 0.043
[73,    8] loss: 0.064
[73,    9] loss: 0.065
[73,   10] loss: 0.036
[73,   11] loss: 0.048
[73,   12] loss: 0.055
[73,   13] loss: 0.078
[73,   14] loss: 0.094
[73,   15] loss: 0.076
[73,   16] loss: 0.081
[73,   17] loss: 0.075
[73,   18] loss: 0.110
[73,   19] loss: 0.051
[73,   20] loss: 0.088
[73,   21] loss: 0.063
[73,   22] loss: 0.134
73
[74,    1] loss: 0.061
[74,    2] loss: 0.092
[74,    3] loss: 0.048
[74,    4] loss: 0.121
[74,    5] loss: 0.066
[74,    6] loss: 0.066
[74,    7] loss: 0.069
[74,    8] loss: 0.124
[74,    9] loss: 0.075
[74,   10] loss: 0.098
[74,   11] loss: 0.054
[74,   12] loss: 0.054
[74,   13] loss: 0.080
[74,   14] loss: 0.054
[74,   15] loss: 0.049
[74,   16] loss: 0.061
[74,   17] loss: 0.040
[74,   18] loss: 0.051
[74,   19] loss: 0.113
[74,   20] loss: 0.060
[74,   21] loss: 0.086
[74,   22] loss: 0.058
74
[75,    1] loss: 0.063
[75,    2] loss: 0.065
[75,    3] loss: 0.085
[75,    4] loss: 0.037
[75,    5] loss: 0.076
[75,    6] loss: 0.073
[75,    7] loss: 0.083
[75,    8] loss: 0.043
[75,    9] loss: 0.069
[75,   10] loss: 0.058
[75,   11] loss: 0.072
[75,   12] loss: 0.059
[75,   13] loss: 0.054
[75,   14] loss: 0.046
[75,   15] loss: 0.059
[75,   16] loss: 0.049
[75,   17] loss: 0.072
[75,   18] loss: 0.066
[75,   19] loss: 0.050
[75,   20] loss: 0.098
[75,   21] loss: 0.047
[75,   22] loss: 0.091
75
[76,    1] loss: 0.070
[76,    2] loss: 0.084
[76,    3] loss: 0.041
[76,    4] loss: 0.085
[76,    5] loss: 0.040
[76,    6] loss: 0.048
[76,    7] loss: 0.063
[76,    8] loss: 0.057
[76,    9] loss: 0.061
[76,   10] loss: 0.102
[76,   11] loss: 0.051
[76,   12] loss: 0.094
[76,   13] loss: 0.064
[76,   14] loss: 0.080
[76,   15] loss: 0.070
[76,   16] loss: 0.094
[76,   17] loss: 0.128
[76,   18] loss: 0.191
[76,   19] loss: 0.109
[76,   20] loss: 0.130
[76,   21] loss: 0.112
[76,   22] loss: 0.049
76
[77,    1] loss: 0.216
[77,    2] loss: 0.047
[77,    3] loss: 0.352
[77,    4] loss: 0.061
[77,    5] loss: 0.267
[77,    6] loss: 0.088
[77,    7] loss: 0.237
[77,    8] loss: 0.086
[77,    9] loss: 0.120
[77,   10] loss: 0.117
[77,   11] loss: 0.045
[77,   12] loss: 0.212
[77,   13] loss: 0.059
[77,   14] loss: 0.348
[77,   15] loss: 0.073
[77,   16] loss: 0.364
[77,   17] loss: 0.058
[77,   18] loss: 0.221
[77,   19] loss: 0.065
[77,   20] loss: 0.348
[77,   21] loss: 0.089
[77,   22] loss: 0.210
77
[78,    1] loss: 0.082
[78,    2] loss: 0.213
[78,    3] loss: 0.031
[78,    4] loss: 0.056
[78,    5] loss: 0.066
[78,    6] loss: 0.033
[78,    7] loss: 0.083
[78,    8] loss: 0.066
[78,    9] loss: 0.171
[78,   10] loss: 0.059
[78,   11] loss: 0.077
[78,   12] loss: 0.059
[78,   13] loss: 0.066
[78,   14] loss: 0.167
[78,   15] loss: 0.101
[78,   16] loss: 0.142
[78,   17] loss: 0.062
[78,   18] loss: 0.148
[78,   19] loss: 0.063
[78,   20] loss: 0.233
[78,   21] loss: 0.044
[78,   22] loss: 0.136
78
[79,    1] loss: 0.052
[79,    2] loss: 0.222
[79,    3] loss: 0.075
[79,    4] loss: 0.142
[79,    5] loss: 0.027
[79,    6] loss: 0.193
[79,    7] loss: 0.067
[79,    8] loss: 0.110
[79,    9] loss: 0.071
[79,   10] loss: 0.046
[79,   11] loss: 0.043
[79,   12] loss: 0.050
[79,   13] loss: 0.088
[79,   14] loss: 0.050
[79,   15] loss: 0.072
[79,   16] loss: 0.050
[79,   17] loss: 0.058
[79,   18] loss: 0.074
[79,   19] loss: 0.138
[79,   20] loss: 0.070
[79,   21] loss: 0.203
[79,   22] loss: 0.066
79
[80,    1] loss: 0.236
[80,    2] loss: 0.086
[80,    3] loss: 0.185
[80,    4] loss: 0.042
[80,    5] loss: 0.202
[80,    6] loss: 0.040
[80,    7] loss: 0.172
[80,    8] loss: 0.044
[80,    9] loss: 0.147
[80,   10] loss: 0.079
[80,   11] loss: 0.127
[80,   12] loss: 0.065
[80,   13] loss: 0.082
[80,   14] loss: 0.056
[80,   15] loss: 0.082
[80,   16] loss: 0.057
[80,   17] loss: 0.058
[80,   18] loss: 0.046
[80,   19] loss: 0.064
[80,   20] loss: 0.066
[80,   21] loss: 0.065
[80,   22] loss: 0.043
80
[81,    1] loss: 0.050
[81,    2] loss: 0.059
[81,    3] loss: 0.048
[81,    4] loss: 0.080
[81,    5] loss: 0.077
[81,    6] loss: 0.041
[81,    7] loss: 0.049
[81,    8] loss: 0.058
[81,    9] loss: 0.069
[81,   10] loss: 0.045
[81,   11] loss: 0.183
[81,   12] loss: 0.063
[81,   13] loss: 0.176
[81,   14] loss: 0.061
[81,   15] loss: 0.188
[81,   16] loss: 0.084
[81,   17] loss: 0.238
[81,   18] loss: 0.080
[81,   19] loss: 0.220
[81,   20] loss: 0.055
[81,   21] loss: 0.144
[81,   22] loss: 0.069
81
[82,    1] loss: 0.113
[82,    2] loss: 0.049
[82,    3] loss: 0.082
[82,    4] loss: 0.068
[82,    5] loss: 0.073
[82,    6] loss: 0.119
[82,    7] loss: 0.130
[82,    8] loss: 0.079
[82,    9] loss: 0.132
[82,   10] loss: 0.036
[82,   11] loss: 0.085
[82,   12] loss: 0.054
[82,   13] loss: 0.103
[82,   14] loss: 0.071
[82,   15] loss: 0.085
[82,   16] loss: 0.058
[82,   17] loss: 0.048
[82,   18] loss: 0.043
[82,   19] loss: 0.048
[82,   20] loss: 0.050
[82,   21] loss: 0.072
[82,   22] loss: 0.056
82
[83,    1] loss: 0.055
[83,    2] loss: 0.047
[83,    3] loss: 0.059
[83,    4] loss: 0.132
[83,    5] loss: 0.061
[83,    6] loss: 0.085
[83,    7] loss: 0.055
[83,    8] loss: 0.080
[83,    9] loss: 0.048
[83,   10] loss: 0.052
[83,   11] loss: 0.094
[83,   12] loss: 0.046
[83,   13] loss: 0.074
[83,   14] loss: 0.107
[83,   15] loss: 0.061
[83,   16] loss: 0.036
[83,   17] loss: 0.076
[83,   18] loss: 0.066
[83,   19] loss: 0.034
[83,   20] loss: 0.115
[83,   21] loss: 0.068
[83,   22] loss: 0.051
83
[84,    1] loss: 0.101
[84,    2] loss: 0.035
[84,    3] loss: 0.061
[84,    4] loss: 0.056
[84,    5] loss: 0.053
[84,    6] loss: 0.109
[84,    7] loss: 0.086
[84,    8] loss: 0.059
[84,    9] loss: 0.056
[84,   10] loss: 0.086
[84,   11] loss: 0.046
[84,   12] loss: 0.054
[84,   13] loss: 0.073
[84,   14] loss: 0.070
[84,   15] loss: 0.052
[84,   16] loss: 0.115
[84,   17] loss: 0.054
[84,   18] loss: 0.093
[84,   19] loss: 0.079
[84,   20] loss: 0.086
[84,   21] loss: 0.045
[84,   22] loss: 0.104
84
[85,    1] loss: 0.045
[85,    2] loss: 0.097
[85,    3] loss: 0.043
[85,    4] loss: 0.113
[85,    5] loss: 0.067
[85,    6] loss: 0.050
[85,    7] loss: 0.052
[85,    8] loss: 0.058
[85,    9] loss: 0.046
[85,   10] loss: 0.056
[85,   11] loss: 0.108
[85,   12] loss: 0.084
[85,   13] loss: 0.079
[85,   14] loss: 0.061
[85,   15] loss: 0.219
[85,   16] loss: 0.100
[85,   17] loss: 0.061
[85,   18] loss: 0.039
[85,   19] loss: 0.098
[85,   20] loss: 0.064
[85,   21] loss: 0.077
[85,   22] loss: 0.043
85
[86,    1] loss: 0.054
[86,    2] loss: 0.059
[86,    3] loss: 0.080
[86,    4] loss: 0.066
[86,    5] loss: 0.040
[86,    6] loss: 0.066
[86,    7] loss: 0.051
[86,    8] loss: 0.059
[86,    9] loss: 0.048
[86,   10] loss: 0.061
[86,   11] loss: 0.092
[86,   12] loss: 0.128
[86,   13] loss: 0.041
[86,   14] loss: 0.045
[86,   15] loss: 0.078
[86,   16] loss: 0.075
[86,   17] loss: 0.069
[86,   18] loss: 0.061
[86,   19] loss: 0.040
[86,   20] loss: 0.058
[86,   21] loss: 0.039
[86,   22] loss: 0.056
86
[87,    1] loss: 0.039
[87,    2] loss: 0.101
[87,    3] loss: 0.069
[87,    4] loss: 0.048
[87,    5] loss: 0.043
[87,    6] loss: 0.139
[87,    7] loss: 0.055
[87,    8] loss: 0.109
[87,    9] loss: 0.075
[87,   10] loss: 0.099
[87,   11] loss: 0.038
[87,   12] loss: 0.260
[87,   13] loss: 0.122
[87,   14] loss: 0.068
[87,   15] loss: 0.073
[87,   16] loss: 0.070
[87,   17] loss: 0.049
[87,   18] loss: 0.103
[87,   19] loss: 0.090
[87,   20] loss: 0.076
[87,   21] loss: 0.082
[87,   22] loss: 0.101
87
[88,    1] loss: 0.088
[88,    2] loss: 0.062
[88,    3] loss: 0.051
[88,    4] loss: 0.149
[88,    5] loss: 0.058
[88,    6] loss: 0.157
[88,    7] loss: 0.065
[88,    8] loss: 0.205
[88,    9] loss: 0.111
[88,   10] loss: 0.068
[88,   11] loss: 0.073
[88,   12] loss: 0.038
[88,   13] loss: 0.052
[88,   14] loss: 0.045
[88,   15] loss: 0.076
[88,   16] loss: 0.048
[88,   17] loss: 0.050
[88,   18] loss: 0.038
[88,   19] loss: 0.060
[88,   20] loss: 0.054
[88,   21] loss: 0.083
[88,   22] loss: 0.055
88
[89,    1] loss: 0.066
[89,    2] loss: 0.083
[89,    3] loss: 0.041
[89,    4] loss: 0.047
[89,    5] loss: 0.056
[89,    6] loss: 0.094
[89,    7] loss: 0.067
[89,    8] loss: 0.119
[89,    9] loss: 0.091
[89,   10] loss: 0.130
[89,   11] loss: 0.215
[89,   12] loss: 0.114
[89,   13] loss: 0.223
[89,   14] loss: 0.050
[89,   15] loss: 0.188
[89,   16] loss: 0.118
[89,   17] loss: 0.212
[89,   18] loss: 0.119
[89,   19] loss: 0.138
[89,   20] loss: 0.152
[89,   21] loss: 0.252
[89,   22] loss: 0.089
89
[90,    1] loss: 0.176
[90,    2] loss: 0.074
[90,    3] loss: 0.166
[90,    4] loss: 0.046
[90,    5] loss: 0.178
[90,    6] loss: 0.034
[90,    7] loss: 0.230
[90,    8] loss: 0.082
[90,    9] loss: 0.185
[90,   10] loss: 0.074
[90,   11] loss: 0.097
[90,   12] loss: 0.052
[90,   13] loss: 0.041
[90,   14] loss: 0.061
[90,   15] loss: 0.090
[90,   16] loss: 0.045
[90,   17] loss: 0.084
[90,   18] loss: 0.130
[90,   19] loss: 0.064
[90,   20] loss: 0.133
[90,   21] loss: 0.079
[90,   22] loss: 0.050
90
[91,    1] loss: 0.048
[91,    2] loss: 0.103
[91,    3] loss: 0.074
[91,    4] loss: 0.163
[91,    5] loss: 0.083
[91,    6] loss: 0.188
[91,    7] loss: 0.096
[91,    8] loss: 0.100
[91,    9] loss: 0.059
[91,   10] loss: 0.082
[91,   11] loss: 0.059
[91,   12] loss: 0.133
[91,   13] loss: 0.037
[91,   14] loss: 0.087
[91,   15] loss: 0.043
[91,   16] loss: 0.110
[91,   17] loss: 0.055
[91,   18] loss: 0.073
[91,   19] loss: 0.038
[91,   20] loss: 0.093
[91,   21] loss: 0.059
[91,   22] loss: 0.032
91
[92,    1] loss: 0.071
[92,    2] loss: 0.052
[92,    3] loss: 0.054
[92,    4] loss: 0.036
[92,    5] loss: 0.070
[92,    6] loss: 0.040
[92,    7] loss: 0.052
[92,    8] loss: 0.062
[92,    9] loss: 0.044
[92,   10] loss: 0.087
[92,   11] loss: 0.062
[92,   12] loss: 0.091
[92,   13] loss: 0.053
[92,   14] loss: 0.078
[92,   15] loss: 0.058
[92,   16] loss: 0.107
[92,   17] loss: 0.105
[92,   18] loss: 0.063
[92,   19] loss: 0.056
[92,   20] loss: 0.083
[92,   21] loss: 0.061
[92,   22] loss: 0.047
92
[93,    1] loss: 0.076
[93,    2] loss: 0.085
[93,    3] loss: 0.069
[93,    4] loss: 0.121
[93,    5] loss: 0.056
[93,    6] loss: 0.079
[93,    7] loss: 0.052
[93,    8] loss: 0.053
[93,    9] loss: 0.035
[93,   10] loss: 0.058
[93,   11] loss: 0.033
[93,   12] loss: 0.033
[93,   13] loss: 0.048
[93,   14] loss: 0.064
[93,   15] loss: 0.055
[93,   16] loss: 0.046
[93,   17] loss: 0.054
[93,   18] loss: 0.063
[93,   19] loss: 0.047
[93,   20] loss: 0.085
[93,   21] loss: 0.051
[93,   22] loss: 0.037
93
[94,    1] loss: 0.058
[94,    2] loss: 0.076
[94,    3] loss: 0.059
[94,    4] loss: 0.103
[94,    5] loss: 0.090
[94,    6] loss: 0.070
[94,    7] loss: 0.046
[94,    8] loss: 0.097
[94,    9] loss: 0.071
[94,   10] loss: 0.084
[94,   11] loss: 0.075
[94,   12] loss: 0.147
[94,   13] loss: 0.194
[94,   14] loss: 0.110
[94,   15] loss: 0.196
[94,   16] loss: 0.081
[94,   17] loss: 0.171
[94,   18] loss: 0.069
[94,   19] loss: 0.206
[94,   20] loss: 0.058
[94,   21] loss: 0.130
[94,   22] loss: 0.089
94
[95,    1] loss: 0.410
[95,    2] loss: 0.052
[95,    3] loss: 0.304
[95,    4] loss: 0.048
[95,    5] loss: 0.244
[95,    6] loss: 0.078
[95,    7] loss: 0.345
[95,    8] loss: 0.020
[95,    9] loss: 0.338
[95,   10] loss: 0.054
[95,   11] loss: 0.319
[95,   12] loss: 0.152
[95,   13] loss: 0.149
[95,   14] loss: 0.112
[95,   15] loss: 0.148
[95,   16] loss: 0.079
[95,   17] loss: 0.099
[95,   18] loss: 0.055
[95,   19] loss: 0.063
[95,   20] loss: 0.061
[95,   21] loss: 0.122
[95,   22] loss: 0.028
95
[96,    1] loss: 0.089
[96,    2] loss: 0.046
[96,    3] loss: 0.039
[96,    4] loss: 0.099
[96,    5] loss: 0.083
[96,    6] loss: 0.056
[96,    7] loss: 0.112
[96,    8] loss: 0.063
[96,    9] loss: 0.056
[96,   10] loss: 0.145
[96,   11] loss: 0.069
[96,   12] loss: 0.197
[96,   13] loss: 0.046
[96,   14] loss: 0.187
[96,   15] loss: 0.059
[96,   16] loss: 0.106
[96,   17] loss: 0.037
[96,   18] loss: 0.142
[96,   19] loss: 0.028
[96,   20] loss: 0.124
[96,   21] loss: 0.051
[96,   22] loss: 0.169
96
[97,    1] loss: 0.049
[97,    2] loss: 0.045
[97,    3] loss: 0.052
[97,    4] loss: 0.047
[97,    5] loss: 0.072
[97,    6] loss: 0.098
[97,    7] loss: 0.064
[97,    8] loss: 0.065
[97,    9] loss: 0.050
[97,   10] loss: 0.065
[97,   11] loss: 0.058
[97,   12] loss: 0.104
[97,   13] loss: 0.041
[97,   14] loss: 0.161
[97,   15] loss: 0.116
[97,   16] loss: 0.080
[97,   17] loss: 0.070
[97,   18] loss: 0.038
[97,   19] loss: 0.050
[97,   20] loss: 0.053
[97,   21] loss: 0.035
[97,   22] loss: 0.081
97
[98,    1] loss: 0.108
[98,    2] loss: 0.050
[98,    3] loss: 0.137
[98,    4] loss: 0.033
[98,    5] loss: 0.161
[98,    6] loss: 0.051
[98,    7] loss: 0.199
[98,    8] loss: 0.135
[98,    9] loss: 0.159
[98,   10] loss: 0.239
[98,   11] loss: 0.043
[98,   12] loss: 0.114
[98,   13] loss: 0.048
[98,   14] loss: 0.143
[98,   15] loss: 0.035
[98,   16] loss: 0.107
[98,   17] loss: 0.068
[98,   18] loss: 0.047
[98,   19] loss: 0.060
[98,   20] loss: 0.045
[98,   21] loss: 0.066
[98,   22] loss: 0.090
98
[99,    1] loss: 0.035
[99,    2] loss: 0.068
[99,    3] loss: 0.063
[99,    4] loss: 0.061
[99,    5] loss: 0.047
[99,    6] loss: 0.090
[99,    7] loss: 0.039
[99,    8] loss: 0.058
[99,    9] loss: 0.161
[99,   10] loss: 0.160
[99,   11] loss: 0.044
[99,   12] loss: 0.051
[99,   13] loss: 0.069
[99,   14] loss: 0.045
[99,   15] loss: 0.038
[99,   16] loss: 0.058
[99,   17] loss: 0.047
[99,   18] loss: 0.054
[99,   19] loss: 0.060
[99,   20] loss: 0.110
[99,   21] loss: 0.124
[99,   22] loss: 0.044
99
[100,    1] loss: 0.099
[100,    2] loss: 0.108
[100,    3] loss: 0.058
[100,    4] loss: 0.102
[100,    5] loss: 0.054
[100,    6] loss: 0.232
[100,    7] loss: 0.080
[100,    8] loss: 0.283
[100,    9] loss: 0.402
[100,   10] loss: 0.060
[100,   11] loss: 0.261
[100,   12] loss: 0.048
[100,   13] loss: 0.135
[100,   14] loss: 0.046
[100,   15] loss: 0.087
[100,   16] loss: 0.061
[100,   17] loss: 0.109
[100,   18] loss: 0.061
[100,   19] loss: 0.044
[100,   20] loss: 0.035
[100,   21] loss: 0.083
[100,   22] loss: 0.075
Finished Training
Mean Squared Error on Test Set: 0.05327543037107391
