0
[1,    1] loss: 1856.713
[1,    2] loss: 851.779
[1,    3] loss: 256.645
[1,    4] loss: 16.210
[1,    5] loss: 26.703
[1,    6] loss: 143.361
[1,    7] loss: 257.144
[1,    8] loss: 348.244
[1,    9] loss: 351.360
[1,   10] loss: 234.145
[1,   11] loss: 182.564
[1,   12] loss: 108.441
[1,   13] loss: 48.421
[1,   14] loss: 13.590
[1,   15] loss: 2.461
[1,   16] loss: 10.487
[1,   17] loss: 31.044
[1,   18] loss: 55.570
[1,   19] loss: 66.315
[1,   20] loss: 80.412
[1,   21] loss: 73.572
[1,   22] loss: 63.949
1
[2,    1] loss: 41.565
[2,    2] loss: 28.811
[2,    3] loss: 12.473
[2,    4] loss: 2.726
[2,    5] loss: 0.824
[2,    6] loss: 4.165
[2,    7] loss: 9.880
[2,    8] loss: 18.637
[2,    9] loss: 24.850
[2,   10] loss: 25.294
[2,   11] loss: 25.973
[2,   12] loss: 16.753
[2,   13] loss: 13.161
[2,   14] loss: 5.610
[2,   15] loss: 2.799
[2,   16] loss: 0.647
[2,   17] loss: 0.716
[2,   18] loss: 3.020
[2,   19] loss: 5.801
[2,   20] loss: 10.107
[2,   21] loss: 10.115
[2,   22] loss: 10.660
2
[3,    1] loss: 6.227
[3,    2] loss: 4.794
[3,    3] loss: 3.907
[3,    4] loss: 1.055
[3,    5] loss: 0.405
[3,    6] loss: 1.151
[3,    7] loss: 3.106
[3,    8] loss: 2.994
[3,    9] loss: 4.489
[3,   10] loss: 3.903
[3,   11] loss: 3.915
[3,   12] loss: 1.979
[3,   13] loss: 1.743
[3,   14] loss: 0.980
[3,   15] loss: 0.305
[3,   16] loss: 0.542
[3,   17] loss: 0.823
[3,   18] loss: 2.156
[3,   19] loss: 1.806
[3,   20] loss: 1.771
[3,   21] loss: 1.257
[3,   22] loss: 0.735
3
[4,    1] loss: 0.504
[4,    2] loss: 0.233
[4,    3] loss: 0.445
[4,    4] loss: 0.608
[4,    5] loss: 0.623
[4,    6] loss: 0.438
[4,    7] loss: 0.918
[4,    8] loss: 0.747
[4,    9] loss: 1.096
[4,   10] loss: 0.748
[4,   11] loss: 0.417
[4,   12] loss: 0.505
[4,   13] loss: 0.490
[4,   14] loss: 0.622
[4,   15] loss: 0.416
[4,   16] loss: 0.581
[4,   17] loss: 0.771
[4,   18] loss: 1.273
[4,   19] loss: 0.349
[4,   20] loss: 0.527
[4,   21] loss: 0.362
[4,   22] loss: 0.487
4
[5,    1] loss: 0.447
[5,    2] loss: 0.446
[5,    3] loss: 0.442
[5,    4] loss: 0.443
[5,    5] loss: 0.406
[5,    6] loss: 0.624
[5,    7] loss: 0.441
[5,    8] loss: 0.266
[5,    9] loss: 0.285
[5,   10] loss: 0.366
[5,   11] loss: 0.284
[5,   12] loss: 0.242
[5,   13] loss: 0.369
[5,   14] loss: 0.538
[5,   15] loss: 0.216
[5,   16] loss: 0.356
[5,   17] loss: 0.246
[5,   18] loss: 0.511
[5,   19] loss: 0.529
[5,   20] loss: 0.445
[5,   21] loss: 0.314
[5,   22] loss: 0.677
5
[6,    1] loss: 0.235
[6,    2] loss: 0.355
[6,    3] loss: 0.274
[6,    4] loss: 0.326
[6,    5] loss: 0.348
[6,    6] loss: 0.367
[6,    7] loss: 0.187
[6,    8] loss: 0.438
[6,    9] loss: 0.168
[6,   10] loss: 0.362
[6,   11] loss: 0.306
[6,   12] loss: 0.502
[6,   13] loss: 0.346
[6,   14] loss: 0.200
[6,   15] loss: 0.238
[6,   16] loss: 0.180
[6,   17] loss: 0.502
[6,   18] loss: 0.189
[6,   19] loss: 0.276
[6,   20] loss: 0.243
[6,   21] loss: 0.352
[6,   22] loss: 0.383
6
[7,    1] loss: 0.221
[7,    2] loss: 0.241
[7,    3] loss: 0.185
[7,    4] loss: 0.119
[7,    5] loss: 0.291
[7,    6] loss: 0.314
[7,    7] loss: 0.212
[7,    8] loss: 0.323
[7,    9] loss: 0.141
[7,   10] loss: 0.278
[7,   11] loss: 0.263
[7,   12] loss: 0.339
[7,   13] loss: 0.275
[7,   14] loss: 0.283
[7,   15] loss: 0.180
[7,   16] loss: 0.190
[7,   17] loss: 0.330
[7,   18] loss: 0.092
[7,   19] loss: 0.243
[7,   20] loss: 0.253
[7,   21] loss: 0.351
[7,   22] loss: 0.144
7
[8,    1] loss: 0.261
[8,    2] loss: 0.294
[8,    3] loss: 0.178
[8,    4] loss: 0.162
[8,    5] loss: 0.125
[8,    6] loss: 0.077
[8,    7] loss: 0.165
[8,    8] loss: 0.168
[8,    9] loss: 0.258
[8,   10] loss: 0.245
[8,   11] loss: 0.131
[8,   12] loss: 0.254
[8,   13] loss: 0.198
[8,   14] loss: 0.148
[8,   15] loss: 0.165
[8,   16] loss: 0.287
[8,   17] loss: 0.217
[8,   18] loss: 0.202
[8,   19] loss: 0.321
[8,   20] loss: 0.311
[8,   21] loss: 0.161
[8,   22] loss: 0.209
8
[9,    1] loss: 0.113
[9,    2] loss: 0.092
[9,    3] loss: 0.233
[9,    4] loss: 0.185
[9,    5] loss: 0.160
[9,    6] loss: 0.128
[9,    7] loss: 0.277
[9,    8] loss: 0.153
[9,    9] loss: 0.159
[9,   10] loss: 0.218
[9,   11] loss: 0.187
[9,   12] loss: 0.163
[9,   13] loss: 0.287
[9,   14] loss: 0.231
[9,   15] loss: 0.260
[9,   16] loss: 0.195
[9,   17] loss: 0.183
[9,   18] loss: 0.137
[9,   19] loss: 0.176
[9,   20] loss: 0.170
[9,   21] loss: 0.232
[9,   22] loss: 0.114
9
[10,    1] loss: 0.186
[10,    2] loss: 0.210
[10,    3] loss: 0.263
[10,    4] loss: 0.255
[10,    5] loss: 0.096
[10,    6] loss: 0.239
[10,    7] loss: 0.237
[10,    8] loss: 0.291
[10,    9] loss: 0.117
[10,   10] loss: 0.172
[10,   11] loss: 0.089
[10,   12] loss: 0.086
[10,   13] loss: 0.227
[10,   14] loss: 0.111
[10,   15] loss: 0.102
[10,   16] loss: 0.214
[10,   17] loss: 0.121
[10,   18] loss: 0.163
[10,   19] loss: 0.255
[10,   20] loss: 0.166
[10,   21] loss: 0.076
[10,   22] loss: 0.096
10
[11,    1] loss: 0.153
[11,    2] loss: 0.184
[11,    3] loss: 0.081
[11,    4] loss: 0.170
[11,    5] loss: 0.262
[11,    6] loss: 0.142
[11,    7] loss: 0.119
[11,    8] loss: 0.114
[11,    9] loss: 0.119
[11,   10] loss: 0.175
[11,   11] loss: 0.144
[11,   12] loss: 0.172
[11,   13] loss: 0.133
[11,   14] loss: 0.152
[11,   15] loss: 0.267
[11,   16] loss: 0.145
[11,   17] loss: 0.067
[11,   18] loss: 0.202
[11,   19] loss: 0.269
[11,   20] loss: 0.108
[11,   21] loss: 0.128
[11,   22] loss: 0.103
11
[12,    1] loss: 0.277
[12,    2] loss: 0.048
[12,    3] loss: 0.193
[12,    4] loss: 0.118
[12,    5] loss: 0.134
[12,    6] loss: 0.097
[12,    7] loss: 0.110
[12,    8] loss: 0.103
[12,    9] loss: 0.148
[12,   10] loss: 0.248
[12,   11] loss: 0.178
[12,   12] loss: 0.141
[12,   13] loss: 0.168
[12,   14] loss: 0.143
[12,   15] loss: 0.130
[12,   16] loss: 0.208
[12,   17] loss: 0.109
[12,   18] loss: 0.123
[12,   19] loss: 0.110
[12,   20] loss: 0.106
[12,   21] loss: 0.153
[12,   22] loss: 0.060
12
[13,    1] loss: 0.147
[13,    2] loss: 0.052
[13,    3] loss: 0.056
[13,    4] loss: 0.193
[13,    5] loss: 0.323
[13,    6] loss: 0.113
[13,    7] loss: 0.067
[13,    8] loss: 0.101
[13,    9] loss: 0.123
[13,   10] loss: 0.114
[13,   11] loss: 0.106
[13,   12] loss: 0.163
[13,   13] loss: 0.141
[13,   14] loss: 0.068
[13,   15] loss: 0.117
[13,   16] loss: 0.147
[13,   17] loss: 0.206
[13,   18] loss: 0.158
[13,   19] loss: 0.138
[13,   20] loss: 0.107
[13,   21] loss: 0.127
[13,   22] loss: 0.035
13
[14,    1] loss: 0.177
[14,    2] loss: 0.097
[14,    3] loss: 0.055
[14,    4] loss: 0.117
[14,    5] loss: 0.089
[14,    6] loss: 0.126
[14,    7] loss: 0.120
[14,    8] loss: 0.077
[14,    9] loss: 0.085
[14,   10] loss: 0.126
[14,   11] loss: 0.128
[14,   12] loss: 0.109
[14,   13] loss: 0.128
[14,   14] loss: 0.126
[14,   15] loss: 0.077
[14,   16] loss: 0.211
[14,   17] loss: 0.170
[14,   18] loss: 0.142
[14,   19] loss: 0.066
[14,   20] loss: 0.173
[14,   21] loss: 0.073
[14,   22] loss: 0.115
14
[15,    1] loss: 0.122
[15,    2] loss: 0.097
[15,    3] loss: 0.067
[15,    4] loss: 0.140
[15,    5] loss: 0.090
[15,    6] loss: 0.148
[15,    7] loss: 0.078
[15,    8] loss: 0.136
[15,    9] loss: 0.144
[15,   10] loss: 0.079
[15,   11] loss: 0.140
[15,   12] loss: 0.099
[15,   13] loss: 0.065
[15,   14] loss: 0.119
[15,   15] loss: 0.136
[15,   16] loss: 0.068
[15,   17] loss: 0.064
[15,   18] loss: 0.089
[15,   19] loss: 0.074
[15,   20] loss: 0.178
[15,   21] loss: 0.077
[15,   22] loss: 0.082
15
[16,    1] loss: 0.088
[16,    2] loss: 0.071
[16,    3] loss: 0.105
[16,    4] loss: 0.165
[16,    5] loss: 0.066
[16,    6] loss: 0.104
[16,    7] loss: 0.065
[16,    8] loss: 0.051
[16,    9] loss: 0.079
[16,   10] loss: 0.097
[16,   11] loss: 0.152
[16,   12] loss: 0.141
[16,   13] loss: 0.090
[16,   14] loss: 0.092
[16,   15] loss: 0.074
[16,   16] loss: 0.081
[16,   17] loss: 0.152
[16,   18] loss: 0.138
[16,   19] loss: 0.068
[16,   20] loss: 0.090
[16,   21] loss: 0.041
[16,   22] loss: 0.079
16
[17,    1] loss: 0.075
[17,    2] loss: 0.054
[17,    3] loss: 0.089
[17,    4] loss: 0.043
[17,    5] loss: 0.077
[17,    6] loss: 0.086
[17,    7] loss: 0.082
[17,    8] loss: 0.084
[17,    9] loss: 0.064
[17,   10] loss: 0.116
[17,   11] loss: 0.084
[17,   12] loss: 0.130
[17,   13] loss: 0.071
[17,   14] loss: 0.089
[17,   15] loss: 0.070
[17,   16] loss: 0.073
[17,   17] loss: 0.113
[17,   18] loss: 0.134
[17,   19] loss: 0.076
[17,   20] loss: 0.078
[17,   21] loss: 0.072
[17,   22] loss: 0.080
17
[18,    1] loss: 0.053
[18,    2] loss: 0.117
[18,    3] loss: 0.123
[18,    4] loss: 0.069
[18,    5] loss: 0.078
[18,    6] loss: 0.096
[18,    7] loss: 0.143
[18,    8] loss: 0.112
[18,    9] loss: 0.128
[18,   10] loss: 0.075
[18,   11] loss: 0.108
[18,   12] loss: 0.061
[18,   13] loss: 0.100
[18,   14] loss: 0.090
[18,   15] loss: 0.052
[18,   16] loss: 0.067
[18,   17] loss: 0.067
[18,   18] loss: 0.072
[18,   19] loss: 0.052
[18,   20] loss: 0.037
[18,   21] loss: 0.098
[18,   22] loss: 0.099
18
[19,    1] loss: 0.044
[19,    2] loss: 0.088
[19,    3] loss: 0.083
[19,    4] loss: 0.057
[19,    5] loss: 0.088
[19,    6] loss: 0.095
[19,    7] loss: 0.062
[19,    8] loss: 0.071
[19,    9] loss: 0.130
[19,   10] loss: 0.043
[19,   11] loss: 0.059
[19,   12] loss: 0.117
[19,   13] loss: 0.053
[19,   14] loss: 0.043
[19,   15] loss: 0.082
[19,   16] loss: 0.058
[19,   17] loss: 0.070
[19,   18] loss: 0.077
[19,   19] loss: 0.124
[19,   20] loss: 0.094
[19,   21] loss: 0.050
[19,   22] loss: 0.061
19
[20,    1] loss: 0.059
[20,    2] loss: 0.083
[20,    3] loss: 0.076
[20,    4] loss: 0.056
[20,    5] loss: 0.096
[20,    6] loss: 0.076
[20,    7] loss: 0.050
[20,    8] loss: 0.053
[20,    9] loss: 0.082
[20,   10] loss: 0.042
[20,   11] loss: 0.090
[20,   12] loss: 0.071
[20,   13] loss: 0.084
[20,   14] loss: 0.066
[20,   15] loss: 0.057
[20,   16] loss: 0.066
[20,   17] loss: 0.045
[20,   18] loss: 0.066
[20,   19] loss: 0.045
[20,   20] loss: 0.057
[20,   21] loss: 0.081
[20,   22] loss: 0.051
20
[21,    1] loss: 0.066
[21,    2] loss: 0.071
[21,    3] loss: 0.128
[21,    4] loss: 0.059
[21,    5] loss: 0.079
[21,    6] loss: 0.066
[21,    7] loss: 0.051
[21,    8] loss: 0.050
[21,    9] loss: 0.087
[21,   10] loss: 0.095
[21,   11] loss: 0.072
[21,   12] loss: 0.044
[21,   13] loss: 0.080
[21,   14] loss: 0.059
[21,   15] loss: 0.025
[21,   16] loss: 0.061
[21,   17] loss: 0.046
[21,   18] loss: 0.053
[21,   19] loss: 0.092
[21,   20] loss: 0.072
[21,   21] loss: 0.088
[21,   22] loss: 0.071
21
[22,    1] loss: 0.097
[22,    2] loss: 0.045
[22,    3] loss: 0.067
[22,    4] loss: 0.058
[22,    5] loss: 0.053
[22,    6] loss: 0.086
[22,    7] loss: 0.044
[22,    8] loss: 0.071
[22,    9] loss: 0.091
[22,   10] loss: 0.039
[22,   11] loss: 0.042
[22,   12] loss: 0.064
[22,   13] loss: 0.075
[22,   14] loss: 0.086
[22,   15] loss: 0.045
[22,   16] loss: 0.093
[22,   17] loss: 0.060
[22,   18] loss: 0.086
[22,   19] loss: 0.065
[22,   20] loss: 0.049
[22,   21] loss: 0.067
[22,   22] loss: 0.056
22
[23,    1] loss: 0.057
[23,    2] loss: 0.082
[23,    3] loss: 0.060
[23,    4] loss: 0.086
[23,    5] loss: 0.054
[23,    6] loss: 0.070
[23,    7] loss: 0.061
[23,    8] loss: 0.066
[23,    9] loss: 0.075
[23,   10] loss: 0.062
[23,   11] loss: 0.059
[23,   12] loss: 0.050
[23,   13] loss: 0.081
[23,   14] loss: 0.076
[23,   15] loss: 0.082
[23,   16] loss: 0.083
[23,   17] loss: 0.094
[23,   18] loss: 0.055
[23,   19] loss: 0.077
[23,   20] loss: 0.083
[23,   21] loss: 0.053
[23,   22] loss: 0.042
23
[24,    1] loss: 0.063
[24,    2] loss: 0.081
[24,    3] loss: 0.043
[24,    4] loss: 0.098
[24,    5] loss: 0.050
[24,    6] loss: 0.049
[24,    7] loss: 0.105
[24,    8] loss: 0.077
[24,    9] loss: 0.083
[24,   10] loss: 0.102
[24,   11] loss: 0.047
[24,   12] loss: 0.074
[24,   13] loss: 0.029
[24,   14] loss: 0.030
[24,   15] loss: 0.053
[24,   16] loss: 0.087
[24,   17] loss: 0.054
[24,   18] loss: 0.069
[24,   19] loss: 0.085
[24,   20] loss: 0.042
[24,   21] loss: 0.076
[24,   22] loss: 0.042
24
[25,    1] loss: 0.047
[25,    2] loss: 0.065
[25,    3] loss: 0.027
[25,    4] loss: 0.092
[25,    5] loss: 0.093
[25,    6] loss: 0.073
[25,    7] loss: 0.106
[25,    8] loss: 0.066
[25,    9] loss: 0.039
[25,   10] loss: 0.055
[25,   11] loss: 0.039
[25,   12] loss: 0.059
[25,   13] loss: 0.108
[25,   14] loss: 0.037
[25,   15] loss: 0.070
[25,   16] loss: 0.051
[25,   17] loss: 0.056
[25,   18] loss: 0.073
[25,   19] loss: 0.075
[25,   20] loss: 0.042
[25,   21] loss: 0.066
[25,   22] loss: 0.102
25
[26,    1] loss: 0.064
[26,    2] loss: 0.109
[26,    3] loss: 0.063
[26,    4] loss: 0.054
[26,    5] loss: 0.054
[26,    6] loss: 0.084
[26,    7] loss: 0.075
[26,    8] loss: 0.061
[26,    9] loss: 0.062
[26,   10] loss: 0.066
[26,   11] loss: 0.090
[26,   12] loss: 0.131
[26,   13] loss: 0.059
[26,   14] loss: 0.083
[26,   15] loss: 0.066
[26,   16] loss: 0.050
[26,   17] loss: 0.087
[26,   18] loss: 0.077
[26,   19] loss: 0.066
[26,   20] loss: 0.070
[26,   21] loss: 0.056
[26,   22] loss: 0.042
26
[27,    1] loss: 0.039
[27,    2] loss: 0.067
[27,    3] loss: 0.067
[27,    4] loss: 0.077
[27,    5] loss: 0.066
[27,    6] loss: 0.094
[27,    7] loss: 0.036
[27,    8] loss: 0.068
[27,    9] loss: 0.055
[27,   10] loss: 0.068
[27,   11] loss: 0.051
[27,   12] loss: 0.058
[27,   13] loss: 0.046
[27,   14] loss: 0.070
[27,   15] loss: 0.058
[27,   16] loss: 0.042
[27,   17] loss: 0.046
[27,   18] loss: 0.050
[27,   19] loss: 0.084
[27,   20] loss: 0.060
[27,   21] loss: 0.061
[27,   22] loss: 0.035
27
[28,    1] loss: 0.050
[28,    2] loss: 0.098
[28,    3] loss: 0.057
[28,    4] loss: 0.079
[28,    5] loss: 0.050
[28,    6] loss: 0.042
[28,    7] loss: 0.085
[28,    8] loss: 0.057
[28,    9] loss: 0.051
[28,   10] loss: 0.068
[28,   11] loss: 0.078
[28,   12] loss: 0.067
[28,   13] loss: 0.068
[28,   14] loss: 0.079
[28,   15] loss: 0.027
[28,   16] loss: 0.035
[28,   17] loss: 0.050
[28,   18] loss: 0.039
[28,   19] loss: 0.035
[28,   20] loss: 0.055
[28,   21] loss: 0.071
[28,   22] loss: 0.057
28
[29,    1] loss: 0.040
[29,    2] loss: 0.087
[29,    3] loss: 0.045
[29,    4] loss: 0.077
[29,    5] loss: 0.059
[29,    6] loss: 0.072
[29,    7] loss: 0.070
[29,    8] loss: 0.045
[29,    9] loss: 0.044
[29,   10] loss: 0.066
[29,   11] loss: 0.065
[29,   12] loss: 0.079
[29,   13] loss: 0.068
[29,   14] loss: 0.050
[29,   15] loss: 0.053
[29,   16] loss: 0.093
[29,   17] loss: 0.047
[29,   18] loss: 0.050
[29,   19] loss: 0.065
[29,   20] loss: 0.061
[29,   21] loss: 0.055
[29,   22] loss: 0.079
29
[30,    1] loss: 0.057
[30,    2] loss: 0.039
[30,    3] loss: 0.085
[30,    4] loss: 0.110
[30,    5] loss: 0.067
[30,    6] loss: 0.083
[30,    7] loss: 0.066
[30,    8] loss: 0.068
[30,    9] loss: 0.060
[30,   10] loss: 0.022
[30,   11] loss: 0.057
[30,   12] loss: 0.085
[30,   13] loss: 0.049
[30,   14] loss: 0.039
[30,   15] loss: 0.038
[30,   16] loss: 0.070
[30,   17] loss: 0.055
[30,   18] loss: 0.037
[30,   19] loss: 0.058
[30,   20] loss: 0.077
[30,   21] loss: 0.088
[30,   22] loss: 0.084
30
[31,    1] loss: 0.032
[31,    2] loss: 0.059
[31,    3] loss: 0.047
[31,    4] loss: 0.053
[31,    5] loss: 0.116
[31,    6] loss: 0.048
[31,    7] loss: 0.042
[31,    8] loss: 0.091
[31,    9] loss: 0.082
[31,   10] loss: 0.055
[31,   11] loss: 0.039
[31,   12] loss: 0.076
[31,   13] loss: 0.043
[31,   14] loss: 0.055
[31,   15] loss: 0.132
[31,   16] loss: 0.050
[31,   17] loss: 0.084
[31,   18] loss: 0.078
[31,   19] loss: 0.045
[31,   20] loss: 0.080
[31,   21] loss: 0.058
[31,   22] loss: 0.053
31
[32,    1] loss: 0.103
[32,    2] loss: 0.162
[32,    3] loss: 0.057
[32,    4] loss: 0.038
[32,    5] loss: 0.035
[32,    6] loss: 0.083
[32,    7] loss: 0.071
[32,    8] loss: 0.070
[32,    9] loss: 0.062
[32,   10] loss: 0.032
[32,   11] loss: 0.056
[32,   12] loss: 0.107
[32,   13] loss: 0.098
[32,   14] loss: 0.062
[32,   15] loss: 0.087
[32,   16] loss: 0.145
[32,   17] loss: 0.141
[32,   18] loss: 0.068
[32,   19] loss: 0.056
[32,   20] loss: 0.081
[32,   21] loss: 0.073
[32,   22] loss: 0.088
32
[33,    1] loss: 0.085
[33,    2] loss: 0.051
[33,    3] loss: 0.066
[33,    4] loss: 0.045
[33,    5] loss: 0.068
[33,    6] loss: 0.063
[33,    7] loss: 0.081
[33,    8] loss: 0.031
[33,    9] loss: 0.043
[33,   10] loss: 0.097
[33,   11] loss: 0.063
[33,   12] loss: 0.074
[33,   13] loss: 0.040
[33,   14] loss: 0.058
[33,   15] loss: 0.078
[33,   16] loss: 0.046
[33,   17] loss: 0.067
[33,   18] loss: 0.044
[33,   19] loss: 0.037
[33,   20] loss: 0.057
[33,   21] loss: 0.046
[33,   22] loss: 0.063
33
[34,    1] loss: 0.052
[34,    2] loss: 0.056
[34,    3] loss: 0.067
[34,    4] loss: 0.057
[34,    5] loss: 0.065
[34,    6] loss: 0.049
[34,    7] loss: 0.084
[34,    8] loss: 0.043
[34,    9] loss: 0.028
[34,   10] loss: 0.044
[34,   11] loss: 0.055
[34,   12] loss: 0.090
[34,   13] loss: 0.075
[34,   14] loss: 0.047
[34,   15] loss: 0.043
[34,   16] loss: 0.065
[34,   17] loss: 0.063
[34,   18] loss: 0.086
[34,   19] loss: 0.043
[34,   20] loss: 0.049
[34,   21] loss: 0.030
[34,   22] loss: 0.072
34
[35,    1] loss: 0.057
[35,    2] loss: 0.102
[35,    3] loss: 0.051
[35,    4] loss: 0.055
[35,    5] loss: 0.059
[35,    6] loss: 0.042
[35,    7] loss: 0.067
[35,    8] loss: 0.052
[35,    9] loss: 0.047
[35,   10] loss: 0.054
[35,   11] loss: 0.068
[35,   12] loss: 0.041
[35,   13] loss: 0.066
[35,   14] loss: 0.057
[35,   15] loss: 0.026
[35,   16] loss: 0.063
[35,   17] loss: 0.037
[35,   18] loss: 0.068
[35,   19] loss: 0.058
[35,   20] loss: 0.051
[35,   21] loss: 0.068
[35,   22] loss: 0.063
35
[36,    1] loss: 0.039
[36,    2] loss: 0.039
[36,    3] loss: 0.049
[36,    4] loss: 0.086
[36,    5] loss: 0.046
[36,    6] loss: 0.074
[36,    7] loss: 0.073
[36,    8] loss: 0.057
[36,    9] loss: 0.047
[36,   10] loss: 0.050
[36,   11] loss: 0.053
[36,   12] loss: 0.090
[36,   13] loss: 0.064
[36,   14] loss: 0.077
[36,   15] loss: 0.058
[36,   16] loss: 0.053
[36,   17] loss: 0.040
[36,   18] loss: 0.043
[36,   19] loss: 0.047
[36,   20] loss: 0.093
[36,   21] loss: 0.048
[36,   22] loss: 0.070
36
[37,    1] loss: 0.083
[37,    2] loss: 0.070
[37,    3] loss: 0.056
[37,    4] loss: 0.073
[37,    5] loss: 0.064
[37,    6] loss: 0.097
[37,    7] loss: 0.041
[37,    8] loss: 0.046
[37,    9] loss: 0.073
[37,   10] loss: 0.061
[37,   11] loss: 0.057
[37,   12] loss: 0.034
[37,   13] loss: 0.065
[37,   14] loss: 0.035
[37,   15] loss: 0.028
[37,   16] loss: 0.042
[37,   17] loss: 0.060
[37,   18] loss: 0.088
[37,   19] loss: 0.044
[37,   20] loss: 0.048
[37,   21] loss: 0.034
[37,   22] loss: 0.053
37
[38,    1] loss: 0.050
[38,    2] loss: 0.049
[38,    3] loss: 0.042
[38,    4] loss: 0.069
[38,    5] loss: 0.075
[38,    6] loss: 0.080
[38,    7] loss: 0.043
[38,    8] loss: 0.056
[38,    9] loss: 0.062
[38,   10] loss: 0.080
[38,   11] loss: 0.072
[38,   12] loss: 0.035
[38,   13] loss: 0.055
[38,   14] loss: 0.056
[38,   15] loss: 0.051
[38,   16] loss: 0.041
[38,   17] loss: 0.055
[38,   18] loss: 0.046
[38,   19] loss: 0.039
[38,   20] loss: 0.063
[38,   21] loss: 0.058
[38,   22] loss: 0.034
38
[39,    1] loss: 0.044
[39,    2] loss: 0.046
[39,    3] loss: 0.041
[39,    4] loss: 0.073
[39,    5] loss: 0.054
[39,    6] loss: 0.049
[39,    7] loss: 0.057
[39,    8] loss: 0.068
[39,    9] loss: 0.062
[39,   10] loss: 0.045
[39,   11] loss: 0.064
[39,   12] loss: 0.040
[39,   13] loss: 0.062
[39,   14] loss: 0.051
[39,   15] loss: 0.063
[39,   16] loss: 0.087
[39,   17] loss: 0.083
[39,   18] loss: 0.084
[39,   19] loss: 0.040
[39,   20] loss: 0.101
[39,   21] loss: 0.041
[39,   22] loss: 0.041
39
[40,    1] loss: 0.062
[40,    2] loss: 0.058
[40,    3] loss: 0.045
[40,    4] loss: 0.053
[40,    5] loss: 0.082
[40,    6] loss: 0.076
[40,    7] loss: 0.065
[40,    8] loss: 0.075
[40,    9] loss: 0.047
[40,   10] loss: 0.064
[40,   11] loss: 0.034
[40,   12] loss: 0.047
[40,   13] loss: 0.059
[40,   14] loss: 0.058
[40,   15] loss: 0.049
[40,   16] loss: 0.051
[40,   17] loss: 0.047
[40,   18] loss: 0.054
[40,   19] loss: 0.056
[40,   20] loss: 0.042
[40,   21] loss: 0.046
[40,   22] loss: 0.063
40
[41,    1] loss: 0.051
[41,    2] loss: 0.057
[41,    3] loss: 0.050
[41,    4] loss: 0.042
[41,    5] loss: 0.061
[41,    6] loss: 0.051
[41,    7] loss: 0.043
[41,    8] loss: 0.065
[41,    9] loss: 0.082
[41,   10] loss: 0.047
[41,   11] loss: 0.045
[41,   12] loss: 0.041
[41,   13] loss: 0.042
[41,   14] loss: 0.029
[41,   15] loss: 0.052
[41,   16] loss: 0.078
[41,   17] loss: 0.074
[41,   18] loss: 0.054
[41,   19] loss: 0.083
[41,   20] loss: 0.052
[41,   21] loss: 0.080
[41,   22] loss: 0.046
41
[42,    1] loss: 0.058
[42,    2] loss: 0.048
[42,    3] loss: 0.062
[42,    4] loss: 0.080
[42,    5] loss: 0.050
[42,    6] loss: 0.063
[42,    7] loss: 0.056
[42,    8] loss: 0.064
[42,    9] loss: 0.045
[42,   10] loss: 0.072
[42,   11] loss: 0.048
[42,   12] loss: 0.053
[42,   13] loss: 0.042
[42,   14] loss: 0.039
[42,   15] loss: 0.068
[42,   16] loss: 0.064
[42,   17] loss: 0.047
[42,   18] loss: 0.066
[42,   19] loss: 0.058
[42,   20] loss: 0.091
[42,   21] loss: 0.037
[42,   22] loss: 0.038
42
[43,    1] loss: 0.016
[43,    2] loss: 0.072
[43,    3] loss: 0.101
[43,    4] loss: 0.062
[43,    5] loss: 0.056
[43,    6] loss: 0.055
[43,    7] loss: 0.043
[43,    8] loss: 0.049
[43,    9] loss: 0.061
[43,   10] loss: 0.057
[43,   11] loss: 0.078
[43,   12] loss: 0.062
[43,   13] loss: 0.043
[43,   14] loss: 0.055
[43,   15] loss: 0.047
[43,   16] loss: 0.063
[43,   17] loss: 0.044
[43,   18] loss: 0.083
[43,   19] loss: 0.055
[43,   20] loss: 0.059
[43,   21] loss: 0.039
[43,   22] loss: 0.073
43
[44,    1] loss: 0.069
[44,    2] loss: 0.031
[44,    3] loss: 0.066
[44,    4] loss: 0.061
[44,    5] loss: 0.071
[44,    6] loss: 0.035
[44,    7] loss: 0.051
[44,    8] loss: 0.035
[44,    9] loss: 0.084
[44,   10] loss: 0.047
[44,   11] loss: 0.054
[44,   12] loss: 0.068
[44,   13] loss: 0.048
[44,   14] loss: 0.094
[44,   15] loss: 0.061
[44,   16] loss: 0.042
[44,   17] loss: 0.047
[44,   18] loss: 0.063
[44,   19] loss: 0.073
[44,   20] loss: 0.053
[44,   21] loss: 0.050
[44,   22] loss: 0.061
44
[45,    1] loss: 0.069
[45,    2] loss: 0.051
[45,    3] loss: 0.044
[45,    4] loss: 0.063
[45,    5] loss: 0.047
[45,    6] loss: 0.027
[45,    7] loss: 0.041
[45,    8] loss: 0.042
[45,    9] loss: 0.060
[45,   10] loss: 0.055
[45,   11] loss: 0.059
[45,   12] loss: 0.075
[45,   13] loss: 0.060
[45,   14] loss: 0.097
[45,   15] loss: 0.067
[45,   16] loss: 0.037
[45,   17] loss: 0.070
[45,   18] loss: 0.047
[45,   19] loss: 0.054
[45,   20] loss: 0.058
[45,   21] loss: 0.054
[45,   22] loss: 0.045
45
[46,    1] loss: 0.018
[46,    2] loss: 0.073
[46,    3] loss: 0.043
[46,    4] loss: 0.074
[46,    5] loss: 0.058
[46,    6] loss: 0.078
[46,    7] loss: 0.067
[46,    8] loss: 0.064
[46,    9] loss: 0.067
[46,   10] loss: 0.103
[46,   11] loss: 0.072
[46,   12] loss: 0.047
[46,   13] loss: 0.049
[46,   14] loss: 0.061
[46,   15] loss: 0.056
[46,   16] loss: 0.042
[46,   17] loss: 0.055
[46,   18] loss: 0.072
[46,   19] loss: 0.061
[46,   20] loss: 0.046
[46,   21] loss: 0.050
[46,   22] loss: 0.069
46
[47,    1] loss: 0.082
[47,    2] loss: 0.058
[47,    3] loss: 0.054
[47,    4] loss: 0.087
[47,    5] loss: 0.075
[47,    6] loss: 0.036
[47,    7] loss: 0.061
[47,    8] loss: 0.064
[47,    9] loss: 0.038
[47,   10] loss: 0.044
[47,   11] loss: 0.053
[47,   12] loss: 0.060
[47,   13] loss: 0.055
[47,   14] loss: 0.064
[47,   15] loss: 0.076
[47,   16] loss: 0.038
[47,   17] loss: 0.075
[47,   18] loss: 0.052
[47,   19] loss: 0.064
[47,   20] loss: 0.051
[47,   21] loss: 0.062
[47,   22] loss: 0.039
47
[48,    1] loss: 0.067
[48,    2] loss: 0.072
[48,    3] loss: 0.053
[48,    4] loss: 0.069
[48,    5] loss: 0.051
[48,    6] loss: 0.082
[48,    7] loss: 0.033
[48,    8] loss: 0.075
[48,    9] loss: 0.042
[48,   10] loss: 0.066
[48,   11] loss: 0.074
[48,   12] loss: 0.048
[48,   13] loss: 0.054
[48,   14] loss: 0.086
[48,   15] loss: 0.053
[48,   16] loss: 0.084
[48,   17] loss: 0.034
[48,   18] loss: 0.063
[48,   19] loss: 0.040
[48,   20] loss: 0.036
[48,   21] loss: 0.038
[48,   22] loss: 0.057
48
[49,    1] loss: 0.073
[49,    2] loss: 0.040
[49,    3] loss: 0.054
[49,    4] loss: 0.060
[49,    5] loss: 0.062
[49,    6] loss: 0.079
[49,    7] loss: 0.070
[49,    8] loss: 0.081
[49,    9] loss: 0.063
[49,   10] loss: 0.061
[49,   11] loss: 0.032
[49,   12] loss: 0.052
[49,   13] loss: 0.053
[49,   14] loss: 0.026
[49,   15] loss: 0.044
[49,   16] loss: 0.071
[49,   17] loss: 0.052
[49,   18] loss: 0.049
[49,   19] loss: 0.060
[49,   20] loss: 0.042
[49,   21] loss: 0.053
[49,   22] loss: 0.058
49
[50,    1] loss: 0.072
[50,    2] loss: 0.045
[50,    3] loss: 0.055
[50,    4] loss: 0.051
[50,    5] loss: 0.076
[50,    6] loss: 0.108
[50,    7] loss: 0.045
[50,    8] loss: 0.068
[50,    9] loss: 0.063
[50,   10] loss: 0.065
[50,   11] loss: 0.075
[50,   12] loss: 0.044
[50,   13] loss: 0.081
[50,   14] loss: 0.069
[50,   15] loss: 0.066
[50,   16] loss: 0.078
[50,   17] loss: 0.077
[50,   18] loss: 0.032
[50,   19] loss: 0.051
[50,   20] loss: 0.056
[50,   21] loss: 0.084
[50,   22] loss: 0.057
50
[51,    1] loss: 0.055
[51,    2] loss: 0.076
[51,    3] loss: 0.047
[51,    4] loss: 0.058
[51,    5] loss: 0.045
[51,    6] loss: 0.047
[51,    7] loss: 0.040
[51,    8] loss: 0.077
[51,    9] loss: 0.066
[51,   10] loss: 0.031
[51,   11] loss: 0.068
[51,   12] loss: 0.061
[51,   13] loss: 0.057
[51,   14] loss: 0.057
[51,   15] loss: 0.039
[51,   16] loss: 0.028
[51,   17] loss: 0.078
[51,   18] loss: 0.055
[51,   19] loss: 0.062
[51,   20] loss: 0.081
[51,   21] loss: 0.059
[51,   22] loss: 0.080
51
[52,    1] loss: 0.044
[52,    2] loss: 0.075
[52,    3] loss: 0.037
[52,    4] loss: 0.065
[52,    5] loss: 0.055
[52,    6] loss: 0.043
[52,    7] loss: 0.030
[52,    8] loss: 0.069
[52,    9] loss: 0.069
[52,   10] loss: 0.074
[52,   11] loss: 0.054
[52,   12] loss: 0.041
[52,   13] loss: 0.051
[52,   14] loss: 0.050
[52,   15] loss: 0.083
[52,   16] loss: 0.096
[52,   17] loss: 0.044
[52,   18] loss: 0.060
[52,   19] loss: 0.108
[52,   20] loss: 0.056
[52,   21] loss: 0.041
[52,   22] loss: 0.084
52
[53,    1] loss: 0.079
[53,    2] loss: 0.055
[53,    3] loss: 0.050
[53,    4] loss: 0.093
[53,    5] loss: 0.075
[53,    6] loss: 0.056
[53,    7] loss: 0.053
[53,    8] loss: 0.060
[53,    9] loss: 0.112
[53,   10] loss: 0.036
[53,   11] loss: 0.038
[53,   12] loss: 0.060
[53,   13] loss: 0.056
[53,   14] loss: 0.050
[53,   15] loss: 0.054
[53,   16] loss: 0.060
[53,   17] loss: 0.065
[53,   18] loss: 0.048
[53,   19] loss: 0.064
[53,   20] loss: 0.044
[53,   21] loss: 0.041
[53,   22] loss: 0.091
53
[54,    1] loss: 0.044
[54,    2] loss: 0.040
[54,    3] loss: 0.079
[54,    4] loss: 0.063
[54,    5] loss: 0.053
[54,    6] loss: 0.035
[54,    7] loss: 0.051
[54,    8] loss: 0.076
[54,    9] loss: 0.058
[54,   10] loss: 0.068
[54,   11] loss: 0.063
[54,   12] loss: 0.062
[54,   13] loss: 0.057
[54,   14] loss: 0.075
[54,   15] loss: 0.061
[54,   16] loss: 0.069
[54,   17] loss: 0.062
[54,   18] loss: 0.059
[54,   19] loss: 0.041
[54,   20] loss: 0.050
[54,   21] loss: 0.074
[54,   22] loss: 0.074
54
[55,    1] loss: 0.078
[55,    2] loss: 0.065
[55,    3] loss: 0.073
[55,    4] loss: 0.062
[55,    5] loss: 0.037
[55,    6] loss: 0.064
[55,    7] loss: 0.055
[55,    8] loss: 0.069
[55,    9] loss: 0.068
[55,   10] loss: 0.050
[55,   11] loss: 0.074
[55,   12] loss: 0.061
[55,   13] loss: 0.067
[55,   14] loss: 0.053
[55,   15] loss: 0.057
[55,   16] loss: 0.064
[55,   17] loss: 0.067
[55,   18] loss: 0.065
[55,   19] loss: 0.093
[55,   20] loss: 0.041
[55,   21] loss: 0.059
[55,   22] loss: 0.082
55
[56,    1] loss: 0.077
[56,    2] loss: 0.035
[56,    3] loss: 0.065
[56,    4] loss: 0.069
[56,    5] loss: 0.064
[56,    6] loss: 0.038
[56,    7] loss: 0.056
[56,    8] loss: 0.078
[56,    9] loss: 0.052
[56,   10] loss: 0.062
[56,   11] loss: 0.055
[56,   12] loss: 0.058
[56,   13] loss: 0.070
[56,   14] loss: 0.048
[56,   15] loss: 0.055
[56,   16] loss: 0.088
[56,   17] loss: 0.050
[56,   18] loss: 0.061
[56,   19] loss: 0.060
[56,   20] loss: 0.082
[56,   21] loss: 0.076
[56,   22] loss: 0.043
56
[57,    1] loss: 0.071
[57,    2] loss: 0.113
[57,    3] loss: 0.066
[57,    4] loss: 0.044
[57,    5] loss: 0.113
[57,    6] loss: 0.127
[57,    7] loss: 0.081
[57,    8] loss: 0.093
[57,    9] loss: 0.156
[57,   10] loss: 0.051
[57,   11] loss: 0.060
[57,   12] loss: 0.044
[57,   13] loss: 0.055
[57,   14] loss: 0.058
[57,   15] loss: 0.044
[57,   16] loss: 0.082
[57,   17] loss: 0.077
[57,   18] loss: 0.068
[57,   19] loss: 0.066
[57,   20] loss: 0.066
[57,   21] loss: 0.059
[57,   22] loss: 0.108
57
[58,    1] loss: 0.066
[58,    2] loss: 0.070
[58,    3] loss: 0.083
[58,    4] loss: 0.067
[58,    5] loss: 0.023
[58,    6] loss: 0.074
[58,    7] loss: 0.094
[58,    8] loss: 0.107
[58,    9] loss: 0.074
[58,   10] loss: 0.062
[58,   11] loss: 0.090
[58,   12] loss: 0.069
[58,   13] loss: 0.049
[58,   14] loss: 0.090
[58,   15] loss: 0.052
[58,   16] loss: 0.058
[58,   17] loss: 0.058
[58,   18] loss: 0.074
[58,   19] loss: 0.095
[58,   20] loss: 0.057
[58,   21] loss: 0.062
[58,   22] loss: 0.147
58
[59,    1] loss: 0.054
[59,    2] loss: 0.062
[59,    3] loss: 0.058
[59,    4] loss: 0.118
[59,    5] loss: 0.060
[59,    6] loss: 0.084
[59,    7] loss: 0.058
[59,    8] loss: 0.122
[59,    9] loss: 0.059
[59,   10] loss: 0.066
[59,   11] loss: 0.136
[59,   12] loss: 0.060
[59,   13] loss: 0.044
[59,   14] loss: 0.061
[59,   15] loss: 0.103
[59,   16] loss: 0.120
[59,   17] loss: 0.038
[59,   18] loss: 0.128
[59,   19] loss: 0.134
[59,   20] loss: 0.069
[59,   21] loss: 0.076
[59,   22] loss: 0.108
59
[60,    1] loss: 0.108
[60,    2] loss: 0.041
[60,    3] loss: 0.054
[60,    4] loss: 0.102
[60,    5] loss: 0.085
[60,    6] loss: 0.065
[60,    7] loss: 0.049
[60,    8] loss: 0.088
[60,    9] loss: 0.111
[60,   10] loss: 0.039
[60,   11] loss: 0.084
[60,   12] loss: 0.072
[60,   13] loss: 0.093
[60,   14] loss: 0.046
[60,   15] loss: 0.075
[60,   16] loss: 0.143
[60,   17] loss: 0.046
[60,   18] loss: 0.060
[60,   19] loss: 0.068
[60,   20] loss: 0.045
[60,   21] loss: 0.061
[60,   22] loss: 0.083
60
[61,    1] loss: 0.053
[61,    2] loss: 0.053
[61,    3] loss: 0.066
[61,    4] loss: 0.060
[61,    5] loss: 0.079
[61,    6] loss: 0.030
[61,    7] loss: 0.076
[61,    8] loss: 0.057
[61,    9] loss: 0.058
[61,   10] loss: 0.029
[61,   11] loss: 0.028
[61,   12] loss: 0.044
[61,   13] loss: 0.056
[61,   14] loss: 0.053
[61,   15] loss: 0.043
[61,   16] loss: 0.049
[61,   17] loss: 0.056
[61,   18] loss: 0.070
[61,   19] loss: 0.087
[61,   20] loss: 0.046
[61,   21] loss: 0.085
[61,   22] loss: 0.036
61
[62,    1] loss: 0.046
[62,    2] loss: 0.034
[62,    3] loss: 0.053
[62,    4] loss: 0.050
[62,    5] loss: 0.048
[62,    6] loss: 0.066
[62,    7] loss: 0.032
[62,    8] loss: 0.056
[62,    9] loss: 0.037
[62,   10] loss: 0.066
[62,   11] loss: 0.047
[62,   12] loss: 0.062
[62,   13] loss: 0.046
[62,   14] loss: 0.045
[62,   15] loss: 0.071
[62,   16] loss: 0.077
[62,   17] loss: 0.058
[62,   18] loss: 0.122
[62,   19] loss: 0.048
[62,   20] loss: 0.084
[62,   21] loss: 0.041
[62,   22] loss: 0.044
62
[63,    1] loss: 0.064
[63,    2] loss: 0.059
[63,    3] loss: 0.042
[63,    4] loss: 0.052
[63,    5] loss: 0.052
[63,    6] loss: 0.035
[63,    7] loss: 0.051
[63,    8] loss: 0.044
[63,    9] loss: 0.057
[63,   10] loss: 0.066
[63,   11] loss: 0.054
[63,   12] loss: 0.061
[63,   13] loss: 0.032
[63,   14] loss: 0.050
[63,   15] loss: 0.059
[63,   16] loss: 0.061
[63,   17] loss: 0.082
[63,   18] loss: 0.096
[63,   19] loss: 0.071
[63,   20] loss: 0.049
[63,   21] loss: 0.062
[63,   22] loss: 0.101
63
[64,    1] loss: 0.034
[64,    2] loss: 0.030
[64,    3] loss: 0.081
[64,    4] loss: 0.078
[64,    5] loss: 0.043
[64,    6] loss: 0.028
[64,    7] loss: 0.084
[64,    8] loss: 0.050
[64,    9] loss: 0.043
[64,   10] loss: 0.066
[64,   11] loss: 0.045
[64,   12] loss: 0.068
[64,   13] loss: 0.039
[64,   14] loss: 0.061
[64,   15] loss: 0.080
[64,   16] loss: 0.043
[64,   17] loss: 0.053
[64,   18] loss: 0.065
[64,   19] loss: 0.057
[64,   20] loss: 0.049
[64,   21] loss: 0.080
[64,   22] loss: 0.065
64
[65,    1] loss: 0.054
[65,    2] loss: 0.071
[65,    3] loss: 0.054
[65,    4] loss: 0.064
[65,    5] loss: 0.050
[65,    6] loss: 0.050
[65,    7] loss: 0.050
[65,    8] loss: 0.069
[65,    9] loss: 0.063
[65,   10] loss: 0.061
[65,   11] loss: 0.051
[65,   12] loss: 0.066
[65,   13] loss: 0.061
[65,   14] loss: 0.051
[65,   15] loss: 0.029
[65,   16] loss: 0.060
[65,   17] loss: 0.081
[65,   18] loss: 0.038
[65,   19] loss: 0.038
[65,   20] loss: 0.041
[65,   21] loss: 0.047
[65,   22] loss: 0.097
65
[66,    1] loss: 0.042
[66,    2] loss: 0.065
[66,    3] loss: 0.047
[66,    4] loss: 0.060
[66,    5] loss: 0.057
[66,    6] loss: 0.032
[66,    7] loss: 0.072
[66,    8] loss: 0.051
[66,    9] loss: 0.097
[66,   10] loss: 0.036
[66,   11] loss: 0.037
[66,   12] loss: 0.088
[66,   13] loss: 0.069
[66,   14] loss: 0.052
[66,   15] loss: 0.041
[66,   16] loss: 0.062
[66,   17] loss: 0.047
[66,   18] loss: 0.058
[66,   19] loss: 0.075
[66,   20] loss: 0.064
[66,   21] loss: 0.046
[66,   22] loss: 0.035
66
[67,    1] loss: 0.072
[67,    2] loss: 0.065
[67,    3] loss: 0.040
[67,    4] loss: 0.058
[67,    5] loss: 0.057
[67,    6] loss: 0.035
[67,    7] loss: 0.055
[67,    8] loss: 0.047
[67,    9] loss: 0.080
[67,   10] loss: 0.073
[67,   11] loss: 0.069
[67,   12] loss: 0.091
[67,   13] loss: 0.051
[67,   14] loss: 0.062
[67,   15] loss: 0.117
[67,   16] loss: 0.053
[67,   17] loss: 0.057
[67,   18] loss: 0.071
[67,   19] loss: 0.066
[67,   20] loss: 0.089
[67,   21] loss: 0.039
[67,   22] loss: 0.109
67
[68,    1] loss: 0.080
[68,    2] loss: 0.042
[68,    3] loss: 0.064
[68,    4] loss: 0.060
[68,    5] loss: 0.030
[68,    6] loss: 0.057
[68,    7] loss: 0.074
[68,    8] loss: 0.047
[68,    9] loss: 0.050
[68,   10] loss: 0.060
[68,   11] loss: 0.036
[68,   12] loss: 0.058
[68,   13] loss: 0.075
[68,   14] loss: 0.042
[68,   15] loss: 0.082
[68,   16] loss: 0.076
[68,   17] loss: 0.048
[68,   18] loss: 0.047
[68,   19] loss: 0.063
[68,   20] loss: 0.048
[68,   21] loss: 0.086
[68,   22] loss: 0.063
68
[69,    1] loss: 0.056
[69,    2] loss: 0.051
[69,    3] loss: 0.063
[69,    4] loss: 0.065
[69,    5] loss: 0.049
[69,    6] loss: 0.049
[69,    7] loss: 0.095
[69,    8] loss: 0.063
[69,    9] loss: 0.058
[69,   10] loss: 0.080
[69,   11] loss: 0.061
[69,   12] loss: 0.047
[69,   13] loss: 0.095
[69,   14] loss: 0.067
[69,   15] loss: 0.036
[69,   16] loss: 0.055
[69,   17] loss: 0.070
[69,   18] loss: 0.065
[69,   19] loss: 0.081
[69,   20] loss: 0.096
[69,   21] loss: 0.105
[69,   22] loss: 0.047
69
[70,    1] loss: 0.082
[70,    2] loss: 0.098
[70,    3] loss: 0.053
[70,    4] loss: 0.060
[70,    5] loss: 0.048
[70,    6] loss: 0.058
[70,    7] loss: 0.054
[70,    8] loss: 0.059
[70,    9] loss: 0.045
[70,   10] loss: 0.033
[70,   11] loss: 0.060
[70,   12] loss: 0.048
[70,   13] loss: 0.058
[70,   14] loss: 0.072
[70,   15] loss: 0.052
[70,   16] loss: 0.062
[70,   17] loss: 0.039
[70,   18] loss: 0.042
[70,   19] loss: 0.049
[70,   20] loss: 0.057
[70,   21] loss: 0.081
[70,   22] loss: 0.046
70
[71,    1] loss: 0.057
[71,    2] loss: 0.076
[71,    3] loss: 0.057
[71,    4] loss: 0.049
[71,    5] loss: 0.089
[71,    6] loss: 0.050
[71,    7] loss: 0.014
[71,    8] loss: 0.065
[71,    9] loss: 0.042
[71,   10] loss: 0.056
[71,   11] loss: 0.069
[71,   12] loss: 0.078
[71,   13] loss: 0.065
[71,   14] loss: 0.069
[71,   15] loss: 0.025
[71,   16] loss: 0.079
[71,   17] loss: 0.079
[71,   18] loss: 0.050
[71,   19] loss: 0.068
[71,   20] loss: 0.070
[71,   21] loss: 0.066
[71,   22] loss: 0.054
71
[72,    1] loss: 0.063
[72,    2] loss: 0.063
[72,    3] loss: 0.073
[72,    4] loss: 0.072
[72,    5] loss: 0.064
[72,    6] loss: 0.066
[72,    7] loss: 0.025
[72,    8] loss: 0.067
[72,    9] loss: 0.069
[72,   10] loss: 0.062
[72,   11] loss: 0.081
[72,   12] loss: 0.035
[72,   13] loss: 0.115
[72,   14] loss: 0.050
[72,   15] loss: 0.059
[72,   16] loss: 0.046
[72,   17] loss: 0.061
[72,   18] loss: 0.057
[72,   19] loss: 0.057
[72,   20] loss: 0.105
[72,   21] loss: 0.036
[72,   22] loss: 0.071
72
[73,    1] loss: 0.058
[73,    2] loss: 0.069
[73,    3] loss: 0.051
[73,    4] loss: 0.061
[73,    5] loss: 0.036
[73,    6] loss: 0.067
[73,    7] loss: 0.056
[73,    8] loss: 0.057
[73,    9] loss: 0.037
[73,   10] loss: 0.054
[73,   11] loss: 0.084
[73,   12] loss: 0.065
[73,   13] loss: 0.086
[73,   14] loss: 0.032
[73,   15] loss: 0.071
[73,   16] loss: 0.047
[73,   17] loss: 0.065
[73,   18] loss: 0.062
[73,   19] loss: 0.035
[73,   20] loss: 0.070
[73,   21] loss: 0.034
[73,   22] loss: 0.067
73
[74,    1] loss: 0.039
[74,    2] loss: 0.054
[74,    3] loss: 0.080
[74,    4] loss: 0.061
[74,    5] loss: 0.081
[74,    6] loss: 0.047
[74,    7] loss: 0.027
[74,    8] loss: 0.058
[74,    9] loss: 0.047
[74,   10] loss: 0.068
[74,   11] loss: 0.041
[74,   12] loss: 0.036
[74,   13] loss: 0.047
[74,   14] loss: 0.062
[74,   15] loss: 0.041
[74,   16] loss: 0.042
[74,   17] loss: 0.076
[74,   18] loss: 0.049
[74,   19] loss: 0.062
[74,   20] loss: 0.045
[74,   21] loss: 0.040
[74,   22] loss: 0.069
74
[75,    1] loss: 0.062
[75,    2] loss: 0.067
[75,    3] loss: 0.036
[75,    4] loss: 0.052
[75,    5] loss: 0.043
[75,    6] loss: 0.034
[75,    7] loss: 0.042
[75,    8] loss: 0.074
[75,    9] loss: 0.066
[75,   10] loss: 0.049
[75,   11] loss: 0.050
[75,   12] loss: 0.069
[75,   13] loss: 0.043
[75,   14] loss: 0.052
[75,   15] loss: 0.080
[75,   16] loss: 0.048
[75,   17] loss: 0.067
[75,   18] loss: 0.046
[75,   19] loss: 0.039
[75,   20] loss: 0.046
[75,   21] loss: 0.035
[75,   22] loss: 0.080
75
[76,    1] loss: 0.034
[76,    2] loss: 0.071
[76,    3] loss: 0.045
[76,    4] loss: 0.052
[76,    5] loss: 0.051
[76,    6] loss: 0.091
[76,    7] loss: 0.059
[76,    8] loss: 0.060
[76,    9] loss: 0.050
[76,   10] loss: 0.052
[76,   11] loss: 0.079
[76,   12] loss: 0.053
[76,   13] loss: 0.050
[76,   14] loss: 0.055
[76,   15] loss: 0.060
[76,   16] loss: 0.062
[76,   17] loss: 0.088
[76,   18] loss: 0.052
[76,   19] loss: 0.038
[76,   20] loss: 0.059
[76,   21] loss: 0.053
[76,   22] loss: 0.070
76
[77,    1] loss: 0.029
[77,    2] loss: 0.052
[77,    3] loss: 0.095
[77,    4] loss: 0.059
[77,    5] loss: 0.084
[77,    6] loss: 0.061
[77,    7] loss: 0.045
[77,    8] loss: 0.043
[77,    9] loss: 0.034
[77,   10] loss: 0.076
[77,   11] loss: 0.039
[77,   12] loss: 0.031
[77,   13] loss: 0.051
[77,   14] loss: 0.062
[77,   15] loss: 0.074
[77,   16] loss: 0.043
[77,   17] loss: 0.049
[77,   18] loss: 0.067
[77,   19] loss: 0.067
[77,   20] loss: 0.055
[77,   21] loss: 0.074
[77,   22] loss: 0.055
77
[78,    1] loss: 0.056
[78,    2] loss: 0.067
[78,    3] loss: 0.053
[78,    4] loss: 0.081
[78,    5] loss: 0.052
[78,    6] loss: 0.097
[78,    7] loss: 0.060
[78,    8] loss: 0.054
[78,    9] loss: 0.094
[78,   10] loss: 0.057
[78,   11] loss: 0.068
[78,   12] loss: 0.052
[78,   13] loss: 0.054
[78,   14] loss: 0.038
[78,   15] loss: 0.047
[78,   16] loss: 0.052
[78,   17] loss: 0.062
[78,   18] loss: 0.032
[78,   19] loss: 0.042
[78,   20] loss: 0.048
[78,   21] loss: 0.053
[78,   22] loss: 0.049
78
[79,    1] loss: 0.105
[79,    2] loss: 0.033
[79,    3] loss: 0.123
[79,    4] loss: 0.079
[79,    5] loss: 0.042
[79,    6] loss: 0.049
[79,    7] loss: 0.097
[79,    8] loss: 0.062
[79,    9] loss: 0.042
[79,   10] loss: 0.143
[79,   11] loss: 0.048
[79,   12] loss: 0.080
[79,   13] loss: 0.058
[79,   14] loss: 0.085
[79,   15] loss: 0.047
[79,   16] loss: 0.109
[79,   17] loss: 0.094
[79,   18] loss: 0.069
[79,   19] loss: 0.102
[79,   20] loss: 0.053
[79,   21] loss: 0.051
[79,   22] loss: 0.052
79
[80,    1] loss: 0.066
[80,    2] loss: 0.064
[80,    3] loss: 0.079
[80,    4] loss: 0.054
[80,    5] loss: 0.047
[80,    6] loss: 0.089
[80,    7] loss: 0.047
[80,    8] loss: 0.062
[80,    9] loss: 0.057
[80,   10] loss: 0.044
[80,   11] loss: 0.060
[80,   12] loss: 0.055
[80,   13] loss: 0.045
[80,   14] loss: 0.094
[80,   15] loss: 0.024
[80,   16] loss: 0.064
[80,   17] loss: 0.058
[80,   18] loss: 0.041
[80,   19] loss: 0.046
[80,   20] loss: 0.069
[80,   21] loss: 0.069
[80,   22] loss: 0.051
80
[81,    1] loss: 0.060
[81,    2] loss: 0.081
[81,    3] loss: 0.037
[81,    4] loss: 0.054
[81,    5] loss: 0.088
[81,    6] loss: 0.072
[81,    7] loss: 0.096
[81,    8] loss: 0.046
[81,    9] loss: 0.062
[81,   10] loss: 0.050
[81,   11] loss: 0.045
[81,   12] loss: 0.066
[81,   13] loss: 0.061
[81,   14] loss: 0.045
[81,   15] loss: 0.070
[81,   16] loss: 0.038
[81,   17] loss: 0.036
[81,   18] loss: 0.030
[81,   19] loss: 0.067
[81,   20] loss: 0.056
[81,   21] loss: 0.050
[81,   22] loss: 0.053
81
[82,    1] loss: 0.047
[82,    2] loss: 0.046
[82,    3] loss: 0.064
[82,    4] loss: 0.057
[82,    5] loss: 0.062
[82,    6] loss: 0.063
[82,    7] loss: 0.048
[82,    8] loss: 0.041
[82,    9] loss: 0.092
[82,   10] loss: 0.058
[82,   11] loss: 0.047
[82,   12] loss: 0.047
[82,   13] loss: 0.056
[82,   14] loss: 0.041
[82,   15] loss: 0.068
[82,   16] loss: 0.058
[82,   17] loss: 0.029
[82,   18] loss: 0.118
[82,   19] loss: 0.045
[82,   20] loss: 0.063
[82,   21] loss: 0.177
[82,   22] loss: 0.058
82
[83,    1] loss: 0.105
[83,    2] loss: 0.064
[83,    3] loss: 0.077
[83,    4] loss: 0.047
[83,    5] loss: 0.104
[83,    6] loss: 0.065
[83,    7] loss: 0.056
[83,    8] loss: 0.117
[83,    9] loss: 0.064
[83,   10] loss: 0.054
[83,   11] loss: 0.076
[83,   12] loss: 0.054
[83,   13] loss: 0.036
[83,   14] loss: 0.070
[83,   15] loss: 0.063
[83,   16] loss: 0.077
[83,   17] loss: 0.048
[83,   18] loss: 0.115
[83,   19] loss: 0.049
[83,   20] loss: 0.070
[83,   21] loss: 0.164
[83,   22] loss: 0.067
83
[84,    1] loss: 0.120
[84,    2] loss: 0.073
[84,    3] loss: 0.061
[84,    4] loss: 0.093
[84,    5] loss: 0.105
[84,    6] loss: 0.050
[84,    7] loss: 0.165
[84,    8] loss: 0.067
[84,    9] loss: 0.060
[84,   10] loss: 0.064
[84,   11] loss: 0.074
[84,   12] loss: 0.062
[84,   13] loss: 0.039
[84,   14] loss: 0.066
[84,   15] loss: 0.043
[84,   16] loss: 0.052
[84,   17] loss: 0.076
[84,   18] loss: 0.055
[84,   19] loss: 0.037
[84,   20] loss: 0.041
[84,   21] loss: 0.022
[84,   22] loss: 0.046
84
[85,    1] loss: 0.046
[85,    2] loss: 0.056
[85,    3] loss: 0.053
[85,    4] loss: 0.076
[85,    5] loss: 0.056
[85,    6] loss: 0.090
[85,    7] loss: 0.047
[85,    8] loss: 0.057
[85,    9] loss: 0.087
[85,   10] loss: 0.046
[85,   11] loss: 0.067
[85,   12] loss: 0.065
[85,   13] loss: 0.032
[85,   14] loss: 0.091
[85,   15] loss: 0.072
[85,   16] loss: 0.091
[85,   17] loss: 0.093
[85,   18] loss: 0.033
[85,   19] loss: 0.086
[85,   20] loss: 0.100
[85,   21] loss: 0.063
[85,   22] loss: 0.083
85
[86,    1] loss: 0.089
[86,    2] loss: 0.045
[86,    3] loss: 0.057
[86,    4] loss: 0.088
[86,    5] loss: 0.087
[86,    6] loss: 0.060
[86,    7] loss: 0.128
[86,    8] loss: 0.076
[86,    9] loss: 0.090
[86,   10] loss: 0.065
[86,   11] loss: 0.079
[86,   12] loss: 0.072
[86,   13] loss: 0.085
[86,   14] loss: 0.069
[86,   15] loss: 0.051
[86,   16] loss: 0.028
[86,   17] loss: 0.046
[86,   18] loss: 0.088
[86,   19] loss: 0.064
[86,   20] loss: 0.105
[86,   21] loss: 0.046
[86,   22] loss: 0.055
86
[87,    1] loss: 0.053
[87,    2] loss: 0.068
[87,    3] loss: 0.047
[87,    4] loss: 0.060
[87,    5] loss: 0.054
[87,    6] loss: 0.075
[87,    7] loss: 0.041
[87,    8] loss: 0.064
[87,    9] loss: 0.073
[87,   10] loss: 0.072
[87,   11] loss: 0.062
[87,   12] loss: 0.024
[87,   13] loss: 0.063
[87,   14] loss: 0.030
[87,   15] loss: 0.047
[87,   16] loss: 0.024
[87,   17] loss: 0.057
[87,   18] loss: 0.052
[87,   19] loss: 0.101
[87,   20] loss: 0.049
[87,   21] loss: 0.046
[87,   22] loss: 0.135
87
[88,    1] loss: 0.068
[88,    2] loss: 0.067
[88,    3] loss: 0.088
[88,    4] loss: 0.051
[88,    5] loss: 0.050
[88,    6] loss: 0.138
[88,    7] loss: 0.052
[88,    8] loss: 0.069
[88,    9] loss: 0.068
[88,   10] loss: 0.098
[88,   11] loss: 0.036
[88,   12] loss: 0.067
[88,   13] loss: 0.056
[88,   14] loss: 0.058
[88,   15] loss: 0.067
[88,   16] loss: 0.039
[88,   17] loss: 0.032
[88,   18] loss: 0.084
[88,   19] loss: 0.037
[88,   20] loss: 0.039
[88,   21] loss: 0.065
[88,   22] loss: 0.040
88
[89,    1] loss: 0.072
[89,    2] loss: 0.048
[89,    3] loss: 0.050
[89,    4] loss: 0.053
[89,    5] loss: 0.032
[89,    6] loss: 0.064
[89,    7] loss: 0.058
[89,    8] loss: 0.041
[89,    9] loss: 0.036
[89,   10] loss: 0.055
[89,   11] loss: 0.071
[89,   12] loss: 0.064
[89,   13] loss: 0.049
[89,   14] loss: 0.045
[89,   15] loss: 0.072
[89,   16] loss: 0.034
[89,   17] loss: 0.050
[89,   18] loss: 0.042
[89,   19] loss: 0.069
[89,   20] loss: 0.076
[89,   21] loss: 0.042
[89,   22] loss: 0.049
89
[90,    1] loss: 0.023
[90,    2] loss: 0.057
[90,    3] loss: 0.049
[90,    4] loss: 0.053
[90,    5] loss: 0.076
[90,    6] loss: 0.049
[90,    7] loss: 0.053
[90,    8] loss: 0.066
[90,    9] loss: 0.062
[90,   10] loss: 0.065
[90,   11] loss: 0.049
[90,   12] loss: 0.046
[90,   13] loss: 0.074
[90,   14] loss: 0.084
[90,   15] loss: 0.076
[90,   16] loss: 0.080
[90,   17] loss: 0.088
[90,   18] loss: 0.090
[90,   19] loss: 0.135
[90,   20] loss: 0.061
[90,   21] loss: 0.071
[90,   22] loss: 0.055
90
[91,    1] loss: 0.065
[91,    2] loss: 0.048
[91,    3] loss: 0.072
[91,    4] loss: 0.079
[91,    5] loss: 0.037
[91,    6] loss: 0.082
[91,    7] loss: 0.070
[91,    8] loss: 0.043
[91,    9] loss: 0.086
[91,   10] loss: 0.051
[91,   11] loss: 0.084
[91,   12] loss: 0.097
[91,   13] loss: 0.122
[91,   14] loss: 0.052
[91,   15] loss: 0.101
[91,   16] loss: 0.070
[91,   17] loss: 0.060
[91,   18] loss: 0.092
[91,   19] loss: 0.056
[91,   20] loss: 0.071
[91,   21] loss: 0.095
[91,   22] loss: 0.047
91
[92,    1] loss: 0.116
[92,    2] loss: 0.072
[92,    3] loss: 0.078
[92,    4] loss: 0.147
[92,    5] loss: 0.037
[92,    6] loss: 0.077
[92,    7] loss: 0.079
[92,    8] loss: 0.073
[92,    9] loss: 0.060
[92,   10] loss: 0.090
[92,   11] loss: 0.081
[92,   12] loss: 0.081
[92,   13] loss: 0.086
[92,   14] loss: 0.061
[92,   15] loss: 0.049
[92,   16] loss: 0.064
[92,   17] loss: 0.054
[92,   18] loss: 0.060
[92,   19] loss: 0.066
[92,   20] loss: 0.038
[92,   21] loss: 0.052
[92,   22] loss: 0.046
92
[93,    1] loss: 0.027
[93,    2] loss: 0.082
[93,    3] loss: 0.066
[93,    4] loss: 0.086
[93,    5] loss: 0.047
[93,    6] loss: 0.063
[93,    7] loss: 0.073
[93,    8] loss: 0.049
[93,    9] loss: 0.035
[93,   10] loss: 0.105
[93,   11] loss: 0.022
[93,   12] loss: 0.063
[93,   13] loss: 0.059
[93,   14] loss: 0.051
[93,   15] loss: 0.039
[93,   16] loss: 0.083
[93,   17] loss: 0.070
[93,   18] loss: 0.047
[93,   19] loss: 0.039
[93,   20] loss: 0.039
[93,   21] loss: 0.047
[93,   22] loss: 0.045
93
[94,    1] loss: 0.061
[94,    2] loss: 0.059
[94,    3] loss: 0.062
[94,    4] loss: 0.050
[94,    5] loss: 0.077
[94,    6] loss: 0.065
[94,    7] loss: 0.077
[94,    8] loss: 0.041
[94,    9] loss: 0.041
[94,   10] loss: 0.038
[94,   11] loss: 0.063
[94,   12] loss: 0.061
[94,   13] loss: 0.044
[94,   14] loss: 0.076
[94,   15] loss: 0.060
[94,   16] loss: 0.049
[94,   17] loss: 0.061
[94,   18] loss: 0.043
[94,   19] loss: 0.036
[94,   20] loss: 0.061
[94,   21] loss: 0.077
[94,   22] loss: 0.060
94
[95,    1] loss: 0.045
[95,    2] loss: 0.071
[95,    3] loss: 0.052
[95,    4] loss: 0.028
[95,    5] loss: 0.048
[95,    6] loss: 0.070
[95,    7] loss: 0.061
[95,    8] loss: 0.074
[95,    9] loss: 0.061
[95,   10] loss: 0.042
[95,   11] loss: 0.064
[95,   12] loss: 0.054
[95,   13] loss: 0.058
[95,   14] loss: 0.054
[95,   15] loss: 0.065
[95,   16] loss: 0.060
[95,   17] loss: 0.031
[95,   18] loss: 0.045
[95,   19] loss: 0.029
[95,   20] loss: 0.056
[95,   21] loss: 0.051
[95,   22] loss: 0.064
95
[96,    1] loss: 0.082
[96,    2] loss: 0.026
[96,    3] loss: 0.026
[96,    4] loss: 0.138
[96,    5] loss: 0.052
[96,    6] loss: 0.115
[96,    7] loss: 0.086
[96,    8] loss: 0.040
[96,    9] loss: 0.086
[96,   10] loss: 0.103
[96,   11] loss: 0.069
[96,   12] loss: 0.093
[96,   13] loss: 0.047
[96,   14] loss: 0.052
[96,   15] loss: 0.079
[96,   16] loss: 0.064
[96,   17] loss: 0.048
[96,   18] loss: 0.132
[96,   19] loss: 0.044
[96,   20] loss: 0.089
[96,   21] loss: 0.158
[96,   22] loss: 0.060
96
[97,    1] loss: 0.184
[97,    2] loss: 0.065
[97,    3] loss: 0.067
[97,    4] loss: 0.086
[97,    5] loss: 0.040
[97,    6] loss: 0.063
[97,    7] loss: 0.090
[97,    8] loss: 0.068
[97,    9] loss: 0.025
[97,   10] loss: 0.075
[97,   11] loss: 0.044
[97,   12] loss: 0.048
[97,   13] loss: 0.050
[97,   14] loss: 0.047
[97,   15] loss: 0.044
[97,   16] loss: 0.061
[97,   17] loss: 0.062
[97,   18] loss: 0.069
[97,   19] loss: 0.104
[97,   20] loss: 0.056
[97,   21] loss: 0.038
[97,   22] loss: 0.087
97
[98,    1] loss: 0.082
[98,    2] loss: 0.045
[98,    3] loss: 0.189
[98,    4] loss: 0.069
[98,    5] loss: 0.082
[98,    6] loss: 0.099
[98,    7] loss: 0.076
[98,    8] loss: 0.090
[98,    9] loss: 0.043
[98,   10] loss: 0.083
[98,   11] loss: 0.048
[98,   12] loss: 0.050
[98,   13] loss: 0.037
[98,   14] loss: 0.051
[98,   15] loss: 0.050
[98,   16] loss: 0.038
[98,   17] loss: 0.076
[98,   18] loss: 0.053
[98,   19] loss: 0.076
[98,   20] loss: 0.043
[98,   21] loss: 0.023
[98,   22] loss: 0.077
98
[99,    1] loss: 0.052
[99,    2] loss: 0.109
[99,    3] loss: 0.084
[99,    4] loss: 0.079
[99,    5] loss: 0.103
[99,    6] loss: 0.038
[99,    7] loss: 0.070
[99,    8] loss: 0.047
[99,    9] loss: 0.062
[99,   10] loss: 0.049
[99,   11] loss: 0.050
[99,   12] loss: 0.039
[99,   13] loss: 0.067
[99,   14] loss: 0.077
[99,   15] loss: 0.059
[99,   16] loss: 0.050
[99,   17] loss: 0.052
[99,   18] loss: 0.077
[99,   19] loss: 0.051
[99,   20] loss: 0.058
[99,   21] loss: 0.037
[99,   22] loss: 0.056
99
[100,    1] loss: 0.033
[100,    2] loss: 0.063
[100,    3] loss: 0.053
[100,    4] loss: 0.075
[100,    5] loss: 0.079
[100,    6] loss: 0.035
[100,    7] loss: 0.070
[100,    8] loss: 0.034
[100,    9] loss: 0.063
[100,   10] loss: 0.104
[100,   11] loss: 0.063
[100,   12] loss: 0.095
[100,   13] loss: 0.053
[100,   14] loss: 0.033
[100,   15] loss: 0.112
[100,   16] loss: 0.065
[100,   17] loss: 0.090
[100,   18] loss: 0.036
[100,   19] loss: 0.070
[100,   20] loss: 0.106
[100,   21] loss: 0.058
[100,   22] loss: 0.120
Finished Training
Mean Squared Error on Test Set: 0.05679866152196905
